
mode= LSST_Y1 7.500000e+03 9.800000e+00 1.500000e+01[3.641650e+05, 2.265851e+05, 5.091342e+04, -1.614679e+04, -3.480166e+03, -1.903951e+05, 4.612126e+04],
[2.265851e+05, 1.761375e+05, 2.207318e+04, -1.046653e+04, -2.589386e+03, -6.263547e+04, 1.575479e+04],
[5.091342e+04, 2.207318e+04, 1.880636e+04, -7.954933e+02, -1.231487e+02, -5.331868e+04, 1.339772e+04],
[-1.614679e+04, -1.046653e+04, -7.954933e+02, 1.193837e+03, 2.573070e+02, 4.636428e+03, -1.175441e+03],
[-3.480166e+03, -2.589386e+03, -1.231487e+02, 2.573070e+02, 6.468821e+01, 8.177769e+02, -2.029341e+02],
[-1.903951e+05, -6.263547e+04, -5.331868e+04, 4.636428e+03, 8.177769e+02, 3.624024e+05, -5.898829e+04],
[4.612126e+04, 1.575479e+04, 1.339772e+04, -1.175441e+03, -2.029341e+02, -5.898829e+04, 1.415729e+04],


