
mode= LSST_Y6 1.000000e+04 2.030000e+01 3.500000e+01[8.604318e+05, 6.426309e+05, 1.239706e+05, -3.380535e+04, -8.965119e+03, -3.484097e+05, 8.732467e+04],
[6.426309e+05, 5.445253e+05, 7.461351e+04, -2.472499e+04, -7.492795e+03, -1.900547e+05, 4.870740e+04],
[1.239706e+05, 7.461351e+04, 4.692434e+04, -1.642154e+03, -3.419691e+02, -9.342175e+04, 2.455552e+04],
[-3.380535e+04, -2.472499e+04, -1.642154e+03, 2.419077e+03, 5.876716e+02, 7.884086e+03, -2.025638e+03],
[-8.965119e+03, -7.492795e+03, -3.419691e+02, 5.876716e+02, 1.719699e+02, 1.970627e+03, -4.884832e+02],
[-3.484097e+05, -1.900547e+05, -9.342175e+04, 7.884086e+03, 1.970627e+03, 4.432708e+05, -7.837566e+04],
[8.732467e+04, 4.870740e+04, 2.455552e+04, -2.025638e+03, -4.884832e+02, -7.837566e+04, 1.920565e+04],



mode= LSST_Y6 1.500000e+04 2.350000e+01 4.100000e+01[1.525656e+06, 1.159436e+06, 2.243431e+05, -5.817650e+04, -1.615719e+04, -6.182344e+05, 1.548360e+05],
[1.159436e+06, 9.858659e+05, 1.400128e+05, -4.356704e+04, -1.369123e+04, -3.597603e+05, 9.171180e+04],
[2.243431e+05, 1.400128e+05, 8.207133e+04, -3.144530e+03, -7.563349e+02, -1.613941e+05, 4.239022e+04],
[-5.817650e+04, -4.356704e+04, -3.144530e+03, 3.827589e+03, 9.645950e+02, 1.384938e+04, -3.514247e+03],
[-1.615719e+04, -1.369123e+04, -7.563349e+02, 9.645950e+02, 2.886739e+02, 3.705742e+03, -9.189303e+02],
[-6.182344e+05, -3.597603e+05, -1.613941e+05, 1.384938e+04, 3.705742e+03, 6.686394e+05, -1.304933e+05],
[1.548360e+05, 9.171180e+04, 4.239022e+04, -3.514247e+03, -9.189303e+02, -1.304933e+05, 3.196996e+04],



mode= LSST_Y6 2.000000e+04 2.690000e+01 4.800000e+01[2.346889e+06, 1.815494e+06, 3.472099e+05, -8.711247e+04, -2.511145e+04, -9.505552e+05, 2.377435e+05],
[1.815494e+06, 1.556303e+06, 2.232884e+05, -6.616304e+04, -2.147181e+04, -5.838216e+05, 1.478196e+05],
[3.472099e+05, 2.232884e+05, 1.245462e+05, -5.019331e+03, -1.294177e+03, -2.420168e+05, 6.381743e+04],
[-8.711247e+04, -6.616304e+04, -5.019331e+03, 5.500473e+03, 1.415780e+03, 2.095016e+04, -5.294175e+03],
[-2.511145e+04, -2.147181e+04, -1.294177e+03, 1.415780e+03, 4.357156e+02, 6.031032e+03, -1.465235e+03],
[-9.505552e+05, -5.838216e+05, -2.420168e+05, 2.095016e+04, 6.031032e+03, 9.294022e+05, -1.910584e+05],
[2.377435e+05, 1.478196e+05, 6.381743e+04, -5.294175e+03, -1.465235e+03, -1.910584e+05, 4.695329e+04],




