
mode= LSST_Y10 1.000000e+04 2.690000e+01 4.800000e+01[1.117291e+06, 8.658378e+05, 1.651536e+05, -4.094481e+04, -1.190404e+04, -4.643021e+05, 1.153223e+05],
[8.658378e+05, 7.524497e+05, 1.045332e+05, -3.069931e+04, -1.023499e+04, -2.812786e+05, 7.073529e+04],
[1.651536e+05, 1.045332e+05, 6.195568e+04, -2.128984e+03, -5.441894e+02, -1.208551e+05, 3.172191e+04],
[-4.094481e+04, -3.069931e+04, -2.128984e+03, 2.859093e+03, 7.289631e+02, 9.751403e+03, -2.484520e+03],
[-1.190404e+04, -1.023499e+04, -5.441894e+02, 7.289631e+02, 2.253655e+02, 2.865492e+03, -6.948775e+02],
[-4.643021e+05, -2.812786e+05, -1.208551e+05, 9.751402e+03, 2.865492e+03, 5.265880e+05, -9.715450e+04],
[1.153223e+05, 7.073529e+04, 3.172191e+04, -2.484520e+03, -6.948775e+02, -9.715450e+04, 2.371746e+04],



mode= LSST_Y10 1.500000e+04 3.080000e+01 5.700000e+01[1.955598e+06, 1.542774e+06, 2.896308e+05, -6.918427e+04, -2.109046e+04, -8.103098e+05, 2.020507e+05],
[1.542774e+06, 1.347665e+06, 1.893161e+05, -5.288502e+04, -1.832954e+04, -5.164367e+05, 1.302636e+05],
[2.896308e+05, 1.893161e+05, 1.055762e+05, -3.776959e+03, -1.066322e+03, -2.050924e+05, 5.379133e+04],
[-6.918427e+04, -5.288502e+04, -3.776959e+03, 4.479439e+03, 1.177518e+03, 1.646379e+04, -4.203957e+03],
[-2.109046e+04, -1.832954e+04, -1.066322e+03, 1.177518e+03, 3.740236e+02, 5.195103e+03, -1.284067e+03],
[-8.103098e+05, -5.164367e+05, -2.050924e+05, 1.646379e+04, 5.195103e+03, 8.069356e+05, -1.616974e+05],
[2.020507e+05, 1.302636e+05, 5.379133e+04, -4.203957e+03, -1.284067e+03, -1.616974e+05, 3.947561e+04],



mode= LSST_Y10 2.000000e+04 3.500000e+01 6.700000e+01[2.953126e+06, 2.358200e+06, 4.397929e+05, -1.010125e+05, -3.174244e+04, -1.223513e+06, 3.072297e+05],
[2.358200e+06, 2.070622e+06, 2.945057e+05, -7.764714e+04, -2.774017e+04, -8.098105e+05, 2.053394e+05],
[4.397929e+05, 2.945057e+05, 1.565100e+05, -5.854948e+03, -1.712868e+03, -3.020966e+05, 7.977386e+04],
[-1.010125e+05, -7.764714e+04, -5.854948e+03, 6.323196e+03, 1.676748e+03, 2.411020e+04, -6.242543e+03],
[-3.174244e+04, -2.774017e+04, -1.712868e+03, 1.676748e+03, 5.445354e+02, 8.074362e+03, -2.007808e+03],
[-1.223513e+06, -8.098105e+05, -3.020966e+05, 2.411020e+04, 8.074362e+03, 1.120427e+06, -2.356681e+05],
[3.072297e+05, 2.053394e+05, 7.977386e+04, -6.242543e+03, -2.007808e+03, -2.356681e+05, 5.795023e+04],


