
mode= LSST_Y10 1.000000e+04 2.690000e+01 4.800000e+01[2.489524e+06, 2.804712e+06, 2.681504e+05, -1.356887e+05, -2.776818e+04, -7.847961e+05, 1.981140e+05, -1.460662e+04, -1.744895e+04, -1.961446e+04, -1.439419e+04, -1.022740e+04, -7.180361e+03, -3.850532e+03, 9.930254e+02, 6.091683e+02, 5.691671e+02, 3.061496e+02, -4.362635e+03, -7.300880e+02, -5.161299e+02, 6.451168e+05, -8.037434e+05, 3.444488e+05, 6.673563e+05, -1.240521e+06, 2.622555e+05]
[2.804712e+06, 4.973451e+06, 2.040484e+05, 3.009066e+03, -6.978544e+01, -7.327932e+05, 1.851037e+05, 2.561199e+03, 5.506175e+03, 9.951818e+03, 1.084816e+04, 1.826299e+04, 1.695522e+04, 1.596188e+04, 2.576806e+04, 2.140661e+04, 1.901747e+04, 9.121980e+01, -1.335402e+03, -2.380938e+02, -1.933303e+02, 1.251766e+06, -1.450562e+06, 7.667959e+05, 1.474677e+06, -2.506867e+06, 6.578471e+05]
[2.681504e+05, 2.040484e+05, 8.678371e+04, -1.652064e+04, -3.235078e+03, -1.650266e+05, 4.386378e+04, -5.398481e+02, -1.155107e+03, -1.616872e+03, -1.661471e+03, -2.082571e+03, -2.095028e+03, -2.131049e+03, -2.482067e+03, -2.575201e+03, -2.567525e+03, -5.936393e+01, 8.312809e+01, -1.389885e+02, -4.023985e+01, 5.026221e+04, -9.969021e+04, 2.359417e+04, 3.001218e+04, -1.137216e+05, 7.381479e+03]
[-1.356887e+05, 3.009066e+03, -1.652065e+04, 3.586243e+04, 7.361898e+03, 1.753233e+04, -5.140312e+03, 3.128913e+03, 4.387935e+03, 6.089895e+03, 5.414154e+03, 6.342132e+03, 5.742565e+03, 4.708349e+03, 6.186431e+03, 5.333806e+03, 5.028434e+03, -7.365722e+01, 7.853733e+02, 7.797870e+01, 7.523268e+01, -1.752401e+04, 2.363515e+04, -2.878373e+03, -9.568782e+03, 2.390172e+04, 1.098083e+03]
[-2.776818e+04, -6.978544e+01, -3.235078e+03, 7.361898e+03, 1.601533e+03, 3.399047e+03, -9.591852e+02, 5.297920e+02, 7.690112e+02, 1.141186e+03, 1.050347e+03, 1.281692e+03, 1.196868e+03, 1.027664e+03, 1.407547e+03, 1.255409e+03, 1.196790e+03, -1.652700e+01, 1.618587e+02, 1.238042e+01, 1.645044e+01, -2.446208e+03, 3.420122e+03, -3.991285e+02, -1.338898e+03, 3.425124e+03, 2.003994e+02]
[-7.847961e+05, -7.327932e+05, -1.650266e+05, 1.753233e+04, 3.399047e+03, 6.867953e+05, -1.372515e+05, 1.731296e+03, 1.194569e+03, 1.696911e+03, -8.840770e+02, -1.783477e+02, -4.465088e+03, -3.395029e+03, -3.618357e+03, -1.741855e+02, -5.244516e+03, 1.109460e+01, 7.697472e+02, 3.141417e+02, 1.566278e+02, -1.379173e+05, 2.728663e+05, -6.353658e+04, -8.235169e+04, 3.127063e+05, -1.953728e+04]
[1.981140e+05, 1.851037e+05, 4.386378e+04, -5.140312e+03, -9.591852e+02, -1.372515e+05, 3.406576e+04, -4.317813e+02, -4.487484e+02, -2.939955e+02, -2.483226e+02, 2.427139e+02, 6.098268e+02, 3.278508e+01, 8.774732e+02, 7.260949e+02, 9.757463e+02, -6.499325e+00, -1.658309e+02, -8.063296e+01, -3.844152e+01, 3.618808e+04, -7.166282e+04, 1.674077e+04, 2.158998e+04, -8.205413e+04, 5.167275e+03]
[-1.460662e+04, 2.561199e+03, -5.398481e+02, 3.128913e+03, 5.297920e+02, 1.731296e+03, -4.317813e+02, 3.238338e+03, 1.006557e+03, 8.203368e+02, 5.856016e+02, 3.949242e+02, 2.185812e+02, 1.339982e+02, 8.021279e+01, 4.312875e+01, 2.711131e+01, -1.843986e+01, 1.900793e+02, 1.591606e+01, 6.371544e+00, -4.287056e+02, 2.023875e+02, -9.694225e+01, -7.104675e+02, 6.021595e+02, -1.935662e+02]
[-1.744895e+04, 5.506175e+03, -1.155107e+03, 4.387935e+03, 7.690112e+02, 1.194569e+03, -4.487484e+02, 1.006557e+03, 4.814492e+03, 1.066904e+03, 7.988550e+02, 5.675627e+02, 3.391718e+02, 2.150359e+02, 1.328074e+02, 7.321422e+01, 4.693944e+01, -1.879504e+01, 2.079262e+02, 2.145813e+01, 1.053381e+01, -4.883444e+02, 2.185871e+02, -1.054173e+02, -8.361254e+02, 6.896817e+02, -2.333939e+02]
[-1.961446e+04, 9.951818e+03, -1.616872e+03, 6.089895e+03, 1.141186e+03, 1.696911e+03, -2.939955e+02, 8.203368e+02, 1.066904e+03, 7.027430e+03, 1.124498e+03, 8.505236e+02, 5.347388e+02, 3.496916e+02, 2.257852e+02, 1.283160e+02, 8.337191e+01, -2.129507e+01, 2.260556e+02, 2.126125e+01, 1.775487e+01, -5.359007e+02, 2.078353e+02, -1.028918e+02, -9.817456e+02, 7.619845e+02, -2.898450e+02]
[-1.439419e+04, 1.084816e+04, -1.661471e+03, 5.414154e+03, 1.050347e+03, -8.840770e+02, -2.483226e+02, 5.856016e+02, 7.988550e+02, 1.124498e+03, 6.054661e+03, 7.430891e+02, 5.090923e+02, 3.456728e+02, 2.288912e+02, 1.321746e+02, 8.708369e+01, -1.505202e+01, 1.695785e+02, 1.885973e+01, 1.627391e+01, -4.010812e+02, 1.384412e+02, -7.080499e+01, -7.613162e+02, 5.677143e+02, -2.290180e+02]
[-1.022740e+04, 1.826299e+04, -2.082571e+03, 6.342132e+03, 1.281692e+03, -1.783477e+02, 2.427139e+02, 3.949242e+02, 5.675627e+02, 8.505236e+02, 7.430891e+02, 8.527139e+03, 5.271012e+02, 3.706561e+02, 2.580046e+02, 1.547161e+02, 1.035991e+02, -1.167772e+01, 1.358954e+02, 1.663336e+01, 1.645223e+01, -2.569617e+02, 1.331043e+01, -5.802501e-02, -5.829841e+02, 3.278083e+02, -1.746187e+02]
[-7.180361e+03, 1.695522e+04, -2.095028e+03, 5.742565e+03, 1.196868e+03, -4.465088e+03, 6.098268e+02, 2.185812e+02, 3.391718e+02, 5.347388e+02, 5.090923e+02, 5.271012e+02, 7.405945e+03, 3.501929e+02, 2.547169e+02, 1.552225e+02, 1.053695e+02, -9.418980e+00, 9.154390e+01, 7.199990e+00, 1.297158e+01, -1.607380e+02, -3.331791e+01, 1.686958e+01, -4.318942e+02, 1.991403e+02, -1.416656e+02]
[-3.850532e+03, 1.596188e+04, -2.131049e+03, 4.708349e+03, 1.027664e+03, -3.395029e+03, 3.278509e+01, 1.339982e+02, 2.150359e+02, 3.496916e+02, 3.456728e+02, 3.706561e+02, 3.501929e+02, 6.360804e+03, 2.206630e+02, 1.361600e+02, 9.444454e+01, -6.505334e+00, 6.084298e+01, 4.338600e+00, 9.294545e+00, 6.877980e+01, -2.525958e+02, 1.546849e+02, -3.864855e+01, -3.148320e+02, 3.569978e+01]
[9.930254e+02, 2.576806e+04, -2.482067e+03, 6.186431e+03, 1.407547e+03, -3.618357e+03, 8.774732e+02, 8.021279e+01, 1.328074e+02, 2.257852e+02, 2.288912e+02, 2.580046e+02, 2.547169e+02, 2.206630e+02, 9.489169e+03, 1.299007e+02, 9.251228e+01, -4.758274e+00, 4.284647e+01, 2.758291e+00, 7.137557e+00, 1.179200e+02, -3.168377e+02, 1.818390e+02, 6.336302e+00, -4.150411e+02, 4.337002e+01]
[6.091683e+02, 2.140661e+04, -2.575201e+03, 5.333806e+03, 1.255409e+03, -1.741855e+02, 7.260949e+02, 4.312875e+01, 7.321422e+01, 1.283160e+02, 1.321746e+02, 1.547161e+02, 1.552225e+02, 1.361600e+02, 1.299007e+02, 8.160331e+03, 7.698410e+01, -4.290507e+00, 2.091905e+01, -4.248191e+00, 1.736972e+00, -3.530624e+01, -3.408515e+00, 2.908785e+00, -8.578066e+01, 4.107738e+01, -2.632293e+01]
[5.691671e+02, 1.901747e+04, -2.567525e+03, 5.028434e+03, 1.196790e+03, -5.244516e+03, 9.757463e+02, 2.711131e+01, 4.693944e+01, 8.337191e+01, 8.708369e+01, 1.035991e+02, 1.053695e+02, 9.444454e+01, 9.251228e+01, 7.698410e+01, 7.025005e+03, -3.104784e+00, 1.281791e+01, -3.912033e+00, 6.967313e-01, -2.223525e+01, -3.144231e+00, 2.396219e+00, -5.509764e+01, 2.521135e+01, -1.687688e+01]
[3.061496e+02, 9.121980e+01, -5.936393e+01, -7.365722e+01, -1.652700e+01, 1.109460e+01, -6.499325e+00, -1.843986e+01, -1.879504e+01, -2.129507e+01, -1.505202e+01, -1.167772e+01, -9.418980e+00, -6.505334e+00, -4.758274e+00, -4.290507e+00, -3.104784e+00, 2.139084e+00, -7.811004e+00, 2.133230e+00, 3.206915e-01, 1.125697e+01, -3.540618e+00, 1.602308e+00, 2.141008e+01, -1.533861e+01, 6.319035e+00]
[-4.362635e+03, -1.335402e+03, 8.312809e+01, 7.853733e+02, 1.618587e+02, 7.697472e+02, -1.658309e+02, 1.900793e+02, 2.079262e+02, 2.260556e+02, 1.695785e+02, 1.358954e+02, 9.154390e+01, 6.084298e+01, 4.284647e+01, 2.091905e+01, 1.281791e+01, -7.811004e+00, 7.629797e+01, 4.643931e+00, 4.615196e+00, -1.462532e+02, 6.001736e+01, -2.873829e+01, -2.583347e+02, 2.048610e+02, -7.435804e+01]
[-7.300880e+02, -2.380938e+02, -1.389885e+02, 7.797870e+01, 1.238042e+01, 3.141417e+02, -8.063296e+01, 1.591606e+01, 2.145813e+01, 2.126125e+01, 1.885973e+01, 1.663336e+01, 7.199990e+00, 4.338600e+00, 2.758291e+00, -4.248191e+00, -3.912033e+00, 2.133230e+00, 4.643931e+00, 8.907493e+00, 2.660902e+00, -2.070634e+01, 1.131389e+01, -5.663308e+00, -3.256350e+01, 3.010649e+01, -8.952745e+00]
[-5.161299e+02, -1.933303e+02, -4.023985e+01, 7.523268e+01, 1.645044e+01, 1.566278e+02, -3.844152e+01, 6.371544e+00, 1.053381e+01, 1.775487e+01, 1.627391e+01, 1.645223e+01, 1.297158e+01, 9.294545e+00, 7.137557e+00, 1.736972e+00, 6.967313e-01, 3.206915e-01, 4.615196e+00, 2.660902e+00, 1.121896e+01, -1.025777e+01, 3.049876e+00, -1.457672e+00, -2.021785e+01, 1.432741e+01, -6.217730e+00]
[6.451168e+05, 1.251766e+06, 5.026221e+04, -1.752401e+04, -2.446208e+03, -1.379173e+05, 3.618808e+04, -4.287056e+02, -4.883444e+02, -5.359007e+02, -4.010812e+02, -2.569617e+02, -1.607380e+02, 6.877980e+01, 1.179200e+02, -3.530624e+01, -2.223525e+01, 1.125697e+01, -1.462532e+02, -2.070634e+01, -1.025777e+01, 4.120266e+05, -4.853497e+05, 2.456091e+05, 4.746413e+05, -8.193266e+05, 2.081955e+05]
[-8.037434e+05, -1.450562e+06, -9.969021e+04, 2.363515e+04, 3.420122e+03, 2.728663e+05, -7.166282e+04, 2.023875e+02, 2.185871e+02, 2.078353e+02, 1.384412e+02, 1.331042e+01, -3.331791e+01, -2.525958e+02, -3.168377e+02, -3.408515e+00, -3.144234e+00, -3.540617e+00, 6.001735e+01, 1.131390e+01, 3.049876e+00, -4.853497e+05, 7.349479e+05, -2.751851e+05, -4.568928e+05, 1.042824e+06, -1.848686e+05]
[3.444488e+05, 7.667959e+05, 2.359417e+04, -2.878373e+03, -3.991285e+02, -6.353658e+04, 1.674077e+04, -9.694225e+01, -1.054173e+02, -1.028918e+02, -7.080498e+01, -5.802421e-02, 1.686957e+01, 1.546849e+02, 1.818390e+02, 2.908786e+00, 2.396220e+00, 1.602308e+00, -2.873828e+01, -5.663308e+00, -1.457672e+00, 2.456091e+05, -2.751851e+05, 1.612317e+05, 3.136397e+05, -5.038085e+05, 1.498985e+05]
[6.673563e+05, 1.474677e+06, 3.001218e+04, -9.568782e+03, -1.338898e+03, -8.235169e+04, 2.158998e+04, -7.104675e+02, -8.361254e+02, -9.817456e+02, -7.613162e+02, -5.829841e+02, -4.318942e+02, -3.864855e+01, 6.336302e+00, -8.578066e+01, -5.509764e+01, 2.141008e+01, -2.583347e+02, -3.256350e+01, -2.021785e+01, 4.746413e+05, -4.568928e+05, 3.136397e+05, 6.576904e+05, -9.219236e+05, 3.202229e+05]
[-1.240521e+06, -2.506867e+06, -1.137216e+05, 2.390172e+04, 3.425124e+03, 3.127063e+05, -8.205413e+04, 6.021595e+02, 6.896817e+02, 7.619845e+02, 5.677143e+02, 3.278083e+02, 1.991403e+02, -3.148320e+02, -4.150411e+02, 4.107738e+01, 2.521135e+01, -1.533861e+01, 2.048610e+02, 3.010649e+01, 1.432741e+01, -8.193266e+05, 1.042824e+06, -5.038085e+05, -9.219236e+05, 1.729351e+06, -4.101000e+05]
[2.622555e+05, 6.578471e+05, 7.381479e+03, 1.098083e+03, 2.003994e+02, -1.953728e+04, 5.167275e+03, -1.935662e+02, -2.333939e+02, -2.898450e+02, -2.290180e+02, -1.746187e+02, -1.416656e+02, 3.569978e+01, 4.337002e+01, -2.632293e+01, -1.687688e+01, 6.319035e+00, -7.435804e+01, -8.952745e+00, -6.217730e+00, 2.081955e+05, -1.848686e+05, 1.498985e+05, 3.202229e+05, -4.101000e+05, 1.697255e+05]



mode= LSST_Y10 1.500000e+04 3.080000e+01 5.700000e+01[3.264362e+06, 2.925997e+06, 3.677125e+05, -2.081995e+05, -4.661674e+04, -1.104656e+06, 2.755474e+05, -2.756955e+04, -3.279936e+04, -3.774927e+04, -2.789314e+04, -2.106230e+04, -1.460104e+04, -8.578951e+03, -9.519291e+02, -2.576467e+02, 1.029893e+01, 7.034236e+02, -8.485766e+03, -1.130620e+03, -9.423603e+02, 4.617480e+05, -5.549351e+05, 2.384819e+05, 4.905595e+05, -8.709262e+05, 1.876027e+05]
[2.925997e+06, 4.489824e+06, 2.244930e+05, 1.599790e+04, -1.048464e+03, -8.990679e+05, 2.233244e+05, 2.402600e+03, 6.415707e+03, 1.241249e+04, 1.443666e+04, 2.532346e+04, 2.381289e+04, 2.247766e+04, 3.709966e+04, 3.161958e+04, 2.823679e+04, 2.599977e+02, -2.769909e+03, -3.105391e+02, -3.462996e+02, 8.630107e+05, -9.901304e+05, 5.219481e+05, 1.019646e+06, -1.716048e+06, 4.499112e+05]
[3.677125e+05, 2.244930e+05, 1.288519e+05, -2.196281e+04, -4.538411e+03, -2.338944e+05, 6.214224e+04, -8.110823e+02, -1.759001e+03, -2.490684e+03, -2.479831e+03, -3.084309e+03, -3.020346e+03, -3.067787e+03, -3.593336e+03, -3.703354e+03, -3.733954e+03, -9.766441e+01, 8.706690e+01, -2.421037e+02, -7.917696e+01, 3.604892e+04, -6.772983e+04, 1.633958e+04, 2.393236e+04, -7.907979e+04, 5.917089e+03]
[-2.081995e+05, 1.599790e+04, -2.196281e+04, 5.669207e+04, 1.198650e+04, 2.284644e+04, -6.525232e+03, 5.743130e+03, 7.795068e+03, 1.071358e+04, 9.354324e+03, 1.059972e+04, 9.382531e+03, 7.624881e+03, 9.756989e+03, 8.306458e+03, 7.788820e+03, -1.556165e+02, 1.505704e+03, 1.114797e+02, 1.365468e+02, -1.715723e+04, 1.958884e+04, -3.836679e+03, -1.488953e+04, 2.482515e+04, -2.268747e+03]
[-4.661674e+04, -1.048464e+03, -4.538411e+03, 1.198650e+04, 2.665545e+03, 5.365266e+03, -1.455270e+03, 1.002520e+03, 1.399392e+03, 2.051249e+03, 1.841703e+03, 2.163800e+03, 1.974575e+03, 1.676904e+03, 2.232009e+03, 1.963705e+03, 1.860448e+03, -3.577172e+01, 3.131086e+02, 1.451639e+01, 2.941402e+01, -2.537023e+03, 2.847503e+03, -5.495186e+02, -2.348917e+03, 3.693834e+03, -3.566259e+02]
[-1.104656e+06, -8.990679e+05, -2.338944e+05, 2.284644e+04, 5.365266e+03, 9.528716e+05, -1.965225e+05, 3.454093e+03, 2.782067e+03, 3.902003e+03, -5.007026e+02, 3.878112e+02, -6.537791e+03, -5.045024e+03, -5.356872e+03, -5.303364e+02, -8.184707e+03, -2.164673e+01, 1.621900e+03, 5.269160e+02, 3.108742e+02, -1.045734e+05, 1.902572e+05, -4.657623e+04, -7.459004e+04, 2.281144e+05, -1.949539e+04]
[2.755474e+05, 2.233244e+05, 6.214224e+04, -6.525232e+03, -1.455270e+03, -1.965225e+05, 4.823934e+04, -8.117074e+02, -8.740819e+02, -7.031291e+02, -5.321068e+02, 2.349122e+02, 8.875385e+02, 5.391431e+01, 1.328008e+03, 1.172668e+03, 1.539341e+03, -3.178231e+00, -3.434600e+02, -1.344223e+02, -7.350664e+01, 2.716323e+04, -4.976071e+04, 1.216429e+04, 1.912094e+04, -5.937834e+04, 4.981134e+03]
[-2.756955e+04, 2.402600e+03, -8.110823e+02, 5.743130e+03, 1.002520e+03, 3.454093e+03, -8.117074e+02, 5.193997e+03, 1.868353e+03, 1.540312e+03, 1.110246e+03, 7.667719e+02, 4.211788e+02, 2.629156e+02, 1.606431e+02, 8.263518e+01, 5.247111e+01, -3.645927e+01, 3.650968e+02, 2.712436e+01, 1.246545e+01, -9.306079e+02, 5.133159e+02, -2.435391e+02, -1.461472e+03, 1.347594e+03, -4.099828e+02]
[-3.279936e+04, 6.415707e+03, -1.759001e+03, 7.795068e+03, 1.399392e+03, 2.782067e+03, -8.740819e+02, 1.868353e+03, 7.604538e+03, 1.962061e+03, 1.473011e+03, 1.063737e+03, 6.265571e+02, 4.028672e+02, 2.531574e+02, 1.339402e+02, 8.675129e+01, -3.777342e+01, 3.995019e+02, 3.625145e+01, 1.999621e+01, -1.077638e+03, 5.944644e+02, -2.850491e+02, -1.725590e+03, 1.585632e+03, -4.997712e+02]
[-3.774927e+04, 1.241249e+04, -2.490684e+03, 1.071358e+04, 2.051249e+03, 3.902003e+03, -7.031291e+02, 1.540312e+03, 1.962061e+03, 1.107442e+04, 2.094939e+03, 1.610609e+03, 9.932246e+02, 6.580201e+02, 4.321354e+02, 2.376121e+02, 1.563047e+02, -4.358471e+01, 4.349064e+02, 3.375256e+01, 3.416389e+01, -1.275000e+03, 7.013028e+02, -3.464124e+02, -2.122413e+03, 1.935231e+03, -6.609060e+02]
[-2.789314e+04, 1.443666e+04, -2.479831e+03, 9.354324e+03, 1.841703e+03, -5.007026e+02, -5.321068e+02, 1.110246e+03, 1.473011e+03, 2.094939e+03, 9.399868e+03, 1.377849e+03, 9.209337e+02, 6.313700e+02, 4.242354e+02, 2.378960e+02, 1.588528e+02, -3.136075e+01, 3.268402e+02, 3.001732e+01, 3.076108e+01, -9.753365e+02, 5.301801e+02, -2.653821e+02, -1.650609e+03, 1.492710e+03, -5.246790e+02]
[-2.106230e+04, 2.532346e+04, -3.084309e+03, 1.059972e+04, 2.163800e+03, 3.878113e+02, 2.349121e+02, 7.667719e+02, 1.063737e+03, 1.610609e+03, 1.377849e+03, 1.303343e+04, 9.407196e+02, 6.690603e+02, 4.720278e+02, 2.766616e+02, 1.881873e+02, -2.495540e+01, 2.636426e+02, 2.625741e+01, 3.080449e+01, -7.872296e+02, 3.967015e+02, -1.958026e+02, -1.414959e+03, 1.219938e+03, -4.700585e+02]
[-1.460104e+04, 2.381289e+04, -3.020346e+03, 9.382531e+03, 1.974575e+03, -6.537791e+03, 8.875385e+02, 4.211788e+02, 6.265571e+02, 9.932246e+02, 9.209337e+02, 9.407196e+02, 1.126008e+04, 6.328530e+02, 4.689703e+02, 2.786512e+02, 1.926601e+02, -2.019546e+01, 1.728394e+02, 7.556106e+00, 2.315385e+01, -5.580092e+02, 2.727590e+02, -1.420676e+02, -1.069727e+03, 9.031441e+02, -3.853694e+02]
[-8.578951e+03, 2.247766e+04, -3.067787e+03, 7.624881e+03, 1.676904e+03, -5.045024e+03, 5.391432e+01, 2.629156e+02, 4.028672e+02, 6.580201e+02, 6.313700e+02, 6.690603e+02, 6.328530e+02, 9.647119e+03, 3.988303e+02, 2.440708e+02, 1.724478e+02, -1.425089e+01, 1.159826e+02, 3.711775e+00, 1.665703e+01, -2.315514e+02, 1.739084e+00, 1.624921e+01, -5.328082e+02, 2.615193e+02, -1.714815e+02]
[-9.519291e+02, 3.709966e+04, -3.593336e+03, 9.756989e+03, 2.232009e+03, -5.356872e+03, 1.328008e+03, 1.606431e+02, 2.531574e+02, 4.321354e+02, 4.242354e+02, 4.720278e+02, 4.689703e+02, 3.988303e+02, 1.436329e+04, 2.370293e+02, 1.719738e+02, -1.145844e+01, 8.154132e+01, -8.777335e-01, 1.188597e+01, -1.748541e+02, -4.917032e+01, 3.408605e+01, -4.835686e+02, 1.802936e+02, -1.756553e+02]
[-2.576467e+02, 3.161958e+04, -3.703354e+03, 8.306458e+03, 1.963705e+03, -5.303364e+02, 1.172668e+03, 8.263518e+01, 1.339402e+02, 2.376121e+02, 2.378960e+02, 2.766616e+02, 2.786512e+02, 2.440708e+02, 2.370293e+02, 1.235750e+04, 1.484423e+02, -9.427039e+00, 3.582934e+01, -1.245355e+01, 1.103312e+00, -1.208998e+02, 5.999383e+01, -3.009232e+01, -2.271059e+02, 1.922434e+02, -8.061621e+01]
[1.029898e+01, 2.823679e+04, -3.733954e+03, 7.788820e+03, 1.860448e+03, -8.184707e+03, 1.539341e+03, 5.247111e+01, 8.675129e+01, 1.563047e+02, 1.588528e+02, 1.881873e+02, 1.926601e+02, 1.724478e+02, 1.719738e+02, 1.484423e+02, 1.064065e+04, -6.885649e+00, 2.188006e+01, -1.066702e+01, -2.839914e-01, -7.928880e+01, 3.892032e+01, -1.952876e+01, -1.499736e+02, 1.261742e+02, -5.349274e+01]
[7.034236e+02, 2.599977e+02, -9.766441e+01, -1.556165e+02, -3.577172e+01, -2.164673e+01, -3.178231e+00, -3.645927e+01, -3.777342e+01, -4.358471e+01, -3.136075e+01, -2.495540e+01, -2.019546e+01, -1.425089e+01, -1.145844e+01, -9.427039e+00, -6.885649e+00, 3.622837e+00, -1.428808e+01, 3.990048e+00, 6.755162e-01, 3.133746e+01, -1.689131e+01, 8.269115e+00, 5.342093e+01, -4.786987e+01, 1.720393e+01]
[-8.485766e+03, -2.769909e+03, 8.706690e+01, 1.505704e+03, 3.131086e+02, 1.621900e+03, -3.434600e+02, 3.650968e+02, 3.995019e+02, 4.349064e+02, 3.268402e+02, 2.636426e+02, 1.728394e+02, 1.159826e+02, 8.154132e+01, 3.582934e+01, 2.188006e+01, -1.428808e+01, 1.407197e+02, 9.667856e+00, 9.690188e+00, -3.369618e+02, 1.856256e+02, -9.014147e+01, -5.501059e+02, 5.033390e+02, -1.671605e+02]
[-1.130620e+03, -3.105391e+02, -2.421037e+02, 1.114797e+02, 1.451639e+01, 5.269160e+02, -1.344223e+02, 2.712436e+01, 3.625145e+01, 3.375256e+01, 3.001732e+01, 2.625741e+01, 7.556106e+00, 3.711775e+00, -8.777335e-01, -1.245355e+01, -1.066702e+01, 3.990048e+00, 9.667856e+00, 1.603235e+01, 5.592719e+00, -3.313650e+01, 1.920262e+01, -9.162974e+00, -4.831662e+01, 4.679328e+01, -1.219793e+01]
[-9.423603e+02, -3.462996e+02, -7.917696e+01, 1.365468e+02, 2.941402e+01, 3.108742e+02, -7.350664e+01, 1.246545e+01, 1.999621e+01, 3.416389e+01, 3.076108e+01, 3.080449e+01, 2.315385e+01, 1.665703e+01, 1.188597e+01, 1.103312e+00, -2.839913e-01, 6.755162e-01, 9.690188e+00, 5.592719e+00, 1.301095e+01, -2.580688e+01, 1.418036e+01, -7.104601e+00, -4.453949e+01, 4.031274e+01, -1.477228e+01]
[4.617480e+05, 8.630107e+05, 3.604892e+04, -1.715723e+04, -2.537023e+03, -1.045734e+05, 2.716323e+04, -9.306079e+02, -1.077638e+03, -1.275000e+03, -9.753365e+02, -7.872296e+02, -5.580092e+02, -2.315514e+02, -1.748541e+02, -1.208998e+02, -7.928880e+01, 3.133746e+01, -3.369618e+02, -3.313650e+01, -2.580688e+01, 2.930543e+05, -3.411062e+05, 1.725334e+05, 3.418508e+05, -5.805564e+05, 1.492988e+05]
[-5.549351e+05, -9.901304e+05, -6.772983e+04, 1.958884e+04, 2.847503e+03, 1.902572e+05, -4.976071e+04, 5.133159e+02, 5.944644e+02, 7.013028e+02, 5.301801e+02, 3.967015e+02, 2.727590e+02, 1.739101e+00, -4.917032e+01, 5.999383e+01, 3.892032e+01, -1.689131e+01, 1.856256e+02, 1.920262e+01, 1.418036e+01, -3.411062e+05, 5.077161e+05, -1.922536e+05, -3.286866e+05, 7.294809e+05, -1.335225e+05]
[2.384819e+05, 5.219481e+05, 1.633958e+04, -3.836679e+03, -5.495186e+02, -4.657623e+04, 1.216429e+04, -2.435391e+02, -2.850491e+02, -3.464124e+02, -2.653821e+02, -1.958026e+02, -1.420676e+02, 1.624920e+01, 3.408605e+01, -3.009232e+01, -1.952876e+01, 8.269115e+00, -9.014147e+01, -9.162974e+00, -7.104601e+00, 1.725334e+05, -1.922536e+05, 1.120682e+05, 2.215772e+05, -3.531035e+05, 1.053741e+05]
[4.905595e+05, 1.019646e+06, 2.393236e+04, -1.488953e+04, -2.348917e+03, -7.459004e+04, 1.912094e+04, -1.461472e+03, -1.725590e+03, -2.122413e+03, -1.650609e+03, -1.414959e+03, -1.069727e+03, -5.328082e+02, -4.835686e+02, -2.271059e+02, -1.499736e+02, 5.342093e+01, -5.501059e+02, -4.831662e+01, -4.453949e+01, 3.418508e+05, -3.286866e+05, 2.215772e+05, 4.766985e+05, -6.622824e+05, 2.296097e+05]
[-8.709262e+05, -1.716048e+06, -7.907980e+04, 2.482515e+04, 3.693835e+03, 2.281144e+05, -5.937835e+04, 1.347594e+03, 1.585632e+03, 1.935231e+03, 1.492710e+03, 1.219938e+03, 9.031441e+02, 2.615194e+02, 1.802936e+02, 1.922434e+02, 1.261742e+02, -4.786987e+01, 5.033390e+02, 4.679328e+01, 4.031274e+01, -5.805564e+05, 7.294809e+05, -3.531035e+05, -6.622824e+05, 1.221782e+06, -2.939357e+05]
[1.876027e+05, 4.499112e+05, 5.917089e+03, -2.268747e+03, -3.566259e+02, -1.949540e+04, 4.981134e+03, -4.099828e+02, -4.997712e+02, -6.609060e+02, -5.246790e+02, -4.700585e+02, -3.853694e+02, -1.714815e+02, -1.756553e+02, -8.061621e+01, -5.349274e+01, 1.720393e+01, -1.671605e+02, -1.219793e+01, -1.477228e+01, 1.492988e+05, -1.335225e+05, 1.053741e+05, 2.296097e+05, -2.939357e+05, 1.203459e+05]



mode= LSST_Y10 2.000000e+04 3.500000e+01 6.700000e+01[4.545711e+06, 3.541326e+06, 5.089086e+05, -3.236653e+05, -7.467512e+04, -1.552684e+06, 3.883935e+05, -4.832982e+04, -5.686918e+04, -6.627374e+04, -4.905203e+04, -3.813994e+04, -2.573590e+04, -1.584613e+04, -4.866395e+03, -2.142802e+03, -1.283228e+03, 1.421466e+03, -1.486719e+04, -1.456396e+03, -1.471133e+03, 3.875189e+05, -4.402627e+05, 1.902865e+05, 4.295660e+05, -7.111511e+05, 1.582672e+05]
[3.541326e+06, 4.773167e+06, 2.890499e+05, 1.148145e+04, -6.206526e+03, -1.191362e+06, 2.955507e+05, 1.782587e+02, 4.941849e+03, 1.191418e+04, 1.592161e+04, 3.059081e+04, 2.954735e+04, 2.830286e+04, 4.781732e+04, 4.137398e+04, 3.713332e+04, 5.581469e+02, -4.926060e+03, -2.640257e+02, -5.252781e+02, 6.730210e+05, -7.602828e+05, 3.995437e+05, 8.003531e+05, -1.325166e+06, 3.475802e+05]
[5.089086e+05, 2.890499e+05, 1.811947e+05, -2.832470e+04, -6.011938e+03, -3.252195e+05, 8.661832e+04, -1.030110e+03, -2.324935e+03, -3.340905e+03, -3.281913e+03, -4.076301e+03, -3.863150e+03, -3.924982e+03, -4.620924e+03, -4.740962e+03, -4.828791e+03, -1.419039e+02, 6.680928e+01, -3.794547e+02, -1.337026e+02, 2.999344e+04, -5.226741e+04, 1.296110e+04, 2.254268e+04, -6.311408e+04, 5.599943e+03]
[-3.236653e+05, 1.148145e+04, -2.832470e+04, 8.472394e+04, 1.808905e+04, 3.393270e+04, -9.650724e+03, 9.804713e+03, 1.281055e+04, 1.728596e+04, 1.475645e+04, 1.604986e+04, 1.376217e+04, 1.107371e+04, 1.373688e+04, 1.149261e+04, 1.071345e+04, -2.947009e+02, 2.630104e+03, 1.314932e+02, 2.118061e+02, -2.068815e+04, 2.019577e+04, -5.653466e+03, -2.334193e+04, 3.140615e+04, -5.977829e+03]
[-7.467512e+04, -6.206527e+03, -6.011939e+03, 1.808905e+04, 4.052760e+03, 8.697342e+03, -2.335953e+03, 1.754710e+03, 2.345572e+03, 3.369891e+03, 2.941246e+03, 3.302835e+03, 2.920848e+03, 2.447255e+03, 3.153237e+03, 2.727634e+03, 2.567185e+03, -6.755833e+01, 5.452059e+02, 1.007174e+01, 4.462440e+01, -3.315886e+03, 3.073645e+03, -8.837594e+02, -3.996469e+03, 5.024501e+03, -1.028966e+03]
[-1.552684e+06, -1.191362e+06, -3.252195e+05, 3.393270e+04, 8.697342e+03, 1.280635e+06, -2.726921e+05, 5.687906e+03, 5.042110e+03, 6.908083e+03, 6.181197e+02, 1.682129e+03, -8.316709e+03, -6.532576e+03, -7.025448e+03, -1.018539e+03, -1.127345e+04, -6.089270e+01, 2.747136e+03, 8.538417e+02, 5.264912e+02, -9.405593e+04, 1.530593e+05, -4.018616e+04, -8.048365e+04, 1.956042e+05, -2.275891e+04]
[3.883935e+05, 2.955507e+05, 8.661832e+04, -9.650724e+03, -2.335953e+03, -2.726921e+05, 6.704832e+04, -1.408737e+03, -1.550519e+03, -1.420903e+03, -1.043756e+03, 3.798157e+01, 1.109449e+03, 5.173562e+01, 1.766003e+03, 1.655655e+03, 2.136968e+03, 7.749685e+00, -6.114619e+02, -2.061753e+02, -1.206160e+02, 2.420773e+04, -3.982152e+04, 1.038926e+04, 2.035522e+04, -5.047328e+04, 5.698267e+03]
[-4.832982e+04, 1.782587e+02, -1.030110e+03, 9.804713e+03, 1.754710e+03, 5.687906e+03, -1.408737e+03, 7.594706e+03, 3.201547e+03, 2.696681e+03, 1.953887e+03, 1.375550e+03, 7.477375e+02, 4.739720e+02, 2.950582e+02, 1.476362e+02, 9.446290e+01, -6.820721e+01, 6.427640e+02, 3.857992e+01, 2.128691e+01, -1.802839e+03, 1.058570e+03, -4.988908e+02, -2.761204e+03, 2.643422e+03, -7.841050e+02]
[-5.686918e+04, 4.941849e+03, -2.324935e+03, 1.281055e+04, 2.345572e+03, 5.042110e+03, -1.550519e+03, 3.201547e+03, 1.089723e+04, 3.348482e+03, 2.508905e+03, 1.832511e+03, 1.058697e+03, 6.879267e+02, 4.385263e+02, 2.251421e+02, 1.467379e+02, -7.152477e+01, 7.028229e+02, 5.139397e+01, 3.245416e+01, -2.076416e+03, 1.232495e+03, -5.871331e+02, -3.224092e+03, 3.096251e+03, -9.442516e+02]
[-6.627374e+04, 1.191418e+04, -3.340905e+03, 1.728596e+04, 3.369891e+03, 6.908083e+03, -1.420903e+03, 2.696681e+03, 3.348482e+03, 1.577639e+04, 3.553240e+03, 2.758301e+03, 1.662625e+03, 1.111703e+03, 7.387217e+02, 3.950478e+02, 2.618269e+02, -8.293038e+01, 7.673466e+02, 4.367946e+01, 5.563407e+01, -2.508912e+03, 1.527131e+03, -7.499820e+02, -4.010360e+03, 3.882240e+03, -1.267570e+03]
[-4.905203e+04, 1.592161e+04, -3.281913e+03, 1.475645e+04, 2.941246e+03, 6.181197e+02, -1.043756e+03, 1.953887e+03, 2.508905e+03, 3.553240e+03, 1.311050e+04, 2.306032e+03, 1.496727e+03, 1.031703e+03, 6.995431e+02, 3.816659e+02, 2.568655e+02, -6.008063e+01, 5.757565e+02, 3.982465e+01, 4.897770e+01, -1.913532e+03, 1.167164e+03, -5.783869e+02, -3.090812e+03, 2.988987e+03, -9.951400e+02]
[-3.813994e+04, 3.059081e+04, -4.076301e+03, 1.604986e+04, 3.302835e+03, 1.682129e+03, 3.798157e+01, 1.375550e+03, 1.832511e+03, 2.758301e+03, 2.306032e+03, 1.778217e+04, 1.499222e+03, 1.071326e+03, 7.608194e+02, 4.349520e+02, 2.987477e+02, -4.805520e+01, 4.643593e+02, 3.488934e+01, 4.849442e+01, -1.608551e+03, 9.778595e+02, -4.874029e+02, -2.690274e+03, 2.573570e+03, -9.087075e+02]
[-2.573590e+04, 2.954735e+04, -3.863150e+03, 1.376217e+04, 2.920848e+03, -8.316709e+03, 1.109449e+03, 7.477375e+02, 1.058697e+03, 1.662625e+03, 1.496727e+03, 1.499222e+03, 1.522901e+04, 1.003997e+03, 7.530824e+02, 4.345416e+02, 3.046390e+02, -3.749921e+01, 2.942518e+02, 3.977039e+00, 3.416674e+01, -1.137383e+03, 7.086688e+02, -3.657951e+02, -1.992333e+03, 1.910181e+03, -7.284214e+02]
[-1.584613e+04, 2.830286e+04, -3.924982e+03, 1.107371e+04, 2.447255e+03, -6.532576e+03, 5.173562e+01, 4.739720e+02, 6.879267e+02, 1.111703e+03, 1.031703e+03, 1.071326e+03, 1.003997e+03, 1.300723e+04, 6.303436e+02, 3.773353e+02, 2.703068e+02, -2.641985e+01, 1.989810e+02, 5.020028e-01, 2.479237e+01, -6.528719e+02, 3.389962e+02, -1.626138e+02, -1.218006e+03, 1.034804e+03, -4.444889e+02]
[-4.866395e+03, 4.781732e+04, -4.620924e+03, 1.373688e+04, 3.153237e+03, -7.025448e+03, 1.766003e+03, 2.950582e+02, 4.385263e+02, 7.387217e+02, 6.995431e+02, 7.608194e+02, 7.530824e+02, 6.303436e+02, 1.929944e+04, 3.694611e+02, 2.718929e+02, -2.163319e+01, 1.395411e+02, -7.594195e+00, 1.736223e+01, -5.570389e+02, 2.788114e+02, -1.434522e+02, -1.118831e+03, 9.228104e+02, -4.467069e+02]
[-2.142802e+03, 4.137398e+04, -4.740962e+03, 1.149261e+04, 2.727634e+03, -1.018539e+03, 1.655655e+03, 1.476362e+02, 2.251421e+02, 3.950478e+02, 3.816659e+02, 4.349520e+02, 4.345416e+02, 3.773353e+02, 3.694611e+02, 1.659732e+04, 2.393419e+02, -1.700093e+01, 5.647699e+01, -2.638857e+01, -9.086292e-01, -2.540586e+02, 1.598780e+02, -8.171876e+01, -4.431430e+02, 4.263163e+02, -1.627005e+02]
[-1.283228e+03, 3.713332e+04, -4.828791e+03, 1.071345e+04, 2.567185e+03, -1.127345e+04, 2.136968e+03, 9.446290e+01, 1.467379e+02, 2.618269e+02, 2.568655e+02, 2.987477e+02, 3.046390e+02, 2.703068e+02, 2.718929e+02, 2.393419e+02, 1.429502e+04, -1.248842e+01, 3.441046e+01, -2.199737e+01, -2.276075e+00, -1.695301e+02, 1.067097e+02, -5.465692e+01, -2.973219e+02, 2.856097e+02, -1.099426e+02]
[1.421466e+03, 5.581469e+02, -1.419039e+02, -2.947009e+02, -6.755833e+01, -6.089270e+01, 7.749685e+00, -6.820721e+01, -7.152477e+01, -8.293038e+01, -6.008063e+01, -4.805520e+01, -3.749921e+01, -2.641985e+01, -2.163319e+01, -1.700093e+01, -1.248842e+01, 5.913344e+00, -2.412719e+01, 6.980274e+00, 1.256774e+00, 6.795459e+01, -4.173427e+01, 2.058044e+01, 1.107411e+02, -1.070573e+02, 3.647269e+01]
[-1.486719e+04, -4.926060e+03, 6.680928e+01, 2.630104e+03, 5.452059e+02, 2.747136e+03, -6.114619e+02, 6.427640e+02, 7.028229e+02, 7.673466e+02, 5.757565e+02, 4.643593e+02, 2.942518e+02, 1.989810e+02, 1.395411e+02, 5.647699e+01, 3.441046e+01, -2.412719e+01, 2.361376e+02, 1.713113e+01, 1.708943e+01, -6.407131e+02, 3.868429e+02, -1.875584e+02, -1.010781e+03, 9.766509e+02, -3.120503e+02]
[-1.456396e+03, -2.640257e+02, -3.794547e+02, 1.314932e+02, 1.007174e+01, 8.538417e+02, -2.061753e+02, 3.857992e+01, 5.139397e+01, 4.367946e+01, 3.982465e+01, 3.488934e+01, 3.977039e+00, 5.020028e-01, -7.594195e+00, -2.638857e+01, -2.199737e+01, 6.980274e+00, 1.713113e+01, 2.771872e+01, 1.020812e+01, -4.115661e+01, 2.297732e+01, -1.023352e+01, -5.563156e+01, 5.358557e+01, -1.115658e+01]
[-1.471133e+03, -5.252781e+02, -1.337026e+02, 2.118061e+02, 4.462440e+01, 5.264912e+02, -1.206160e+02, 2.128691e+01, 3.245416e+01, 5.563407e+01, 4.897770e+01, 4.849442e+01, 3.416674e+01, 2.479237e+01, 1.736223e+01, -9.086291e-01, -2.276075e+00, 1.256774e+00, 1.708943e+01, 1.020812e+01, 1.550647e+01, -4.663047e+01, 2.917237e+01, -1.461345e+01, -7.640142e+01, 7.468306e+01, -2.570725e+01]
[3.875189e+05, 6.730210e+05, 2.999344e+04, -2.068815e+04, -3.315886e+03, -9.405593e+04, 2.420773e+04, -1.802839e+03, -2.076416e+03, -2.508912e+03, -1.913532e+03, -1.608551e+03, -1.137383e+03, -6.528719e+02, -5.570389e+02, -2.540586e+02, -1.695301e+02, 6.795459e+01, -6.407131e+02, -4.115661e+01, -4.663047e+01, 2.370583e+05, -2.716325e+05, 1.374189e+05, 2.817116e+05, -4.679318e+05, 1.224965e+05]
[-4.402627e+05, -7.602828e+05, -5.226741e+04, 2.019577e+04, 3.073644e+03, 1.530593e+05, -3.982152e+04, 1.058570e+03, 1.232495e+03, 1.527131e+03, 1.167164e+03, 9.778595e+02, 7.086688e+02, 3.389962e+02, 2.788114e+02, 1.598780e+02, 1.067097e+02, -4.173427e+01, 3.868429e+02, 2.297732e+01, 2.917237e+01, -2.716325e+05, 3.962471e+05, -1.518833e+05, -2.695783e+05, 5.784580e+05, -1.100703e+05]
[1.902865e+05, 3.995437e+05, 1.296110e+04, -5.653466e+03, -8.837594e+02, -4.018616e+04, 1.038926e+04, -4.988908e+02, -5.871331e+02, -7.499820e+02, -5.783869e+02, -4.874029e+02, -3.657951e+02, -1.626139e+02, -1.434522e+02, -8.171876e+01, -5.465692e+01, 2.058044e+01, -1.875584e+02, -1.023352e+01, -1.461345e+01, 1.374189e+05, -1.518833e+05, 8.808038e+04, 1.782476e+05, -2.806374e+05, 8.431439e+04]
[4.295660e+05, 8.003531e+05, 2.254268e+04, -2.334193e+04, -3.996469e+03, -8.048365e+04, 2.035522e+04, -2.761204e+03, -3.224092e+03, -4.010360e+03, -3.090812e+03, -2.690274e+03, -1.992333e+03, -1.218006e+03, -1.118831e+03, -4.431430e+02, -2.973219e+02, 1.107411e+02, -1.010781e+03, -5.563156e+01, -7.640142e+01, 2.817116e+05, -2.695783e+05, 1.782476e+05, 3.972582e+05, -5.445880e+05, 1.890222e+05]
[-7.111511e+05, -1.325166e+06, -6.311408e+04, 3.140615e+04, 5.024501e+03, 1.956042e+05, -5.047328e+04, 2.643422e+03, 3.096251e+03, 3.882240e+03, 2.988987e+03, 2.573570e+03, 1.910181e+03, 1.034804e+03, 9.228104e+02, 4.263163e+02, 2.856097e+02, -1.070573e+02, 9.766509e+02, 5.358557e+01, 7.468306e+01, -4.679318e+05, 5.784580e+05, -2.806374e+05, -5.445880e+05, 9.820398e+05, -2.411719e+05]
[1.582672e+05, 3.475802e+05, 5.599943e+03, -5.977829e+03, -1.028966e+03, -2.275891e+04, 5.698267e+03, -7.841050e+02, -9.442516e+02, -1.267570e+03, -9.951400e+02, -9.087075e+02, -7.284214e+02, -4.444889e+02, -4.467069e+02, -1.627005e+02, -1.099426e+02, 3.647269e+01, -3.120503e+02, -1.115658e+01, -2.570725e+01, 1.224965e+05, -1.100703e+05, 8.431439e+04, 1.890222e+05, -2.411719e+05, 9.775835e+04]


