
mode= LSST_Y6 1.000000e+04 2.030000e+01 3.500000e+01[2.097263e+06, 2.551868e+06, 2.255030e+05, -1.023281e+05, -1.984072e+04, -6.426625e+05, 1.637268e+05, -9.336676e+03, -1.142784e+04, -1.217000e+04, -8.398204e+03, -5.376328e+03, -3.067838e+03, -1.326558e+03, 1.949302e+03, 1.486564e+03, 6.300958e+01, -2.156729e+03, -6.118428e+02, -3.480577e+02, 6.345727e+05, -7.995201e+05, 3.425874e+05, 6.494852e+05, -1.226811e+06, 2.573634e+05]
[2.551868e+06, 4.752324e+06, 1.690630e+05, 1.190844e+04, 2.910950e+03, -6.073810e+05, 1.556991e+05, 4.577592e+03, 8.066668e+03, 1.352658e+04, 1.318122e+04, 2.124370e+04, 1.957690e+04, 1.741420e+04, 2.632993e+04, 2.355177e+04, -6.872000e+00, -6.519732e+02, -2.619596e+02, -1.500055e+02, 1.244948e+06, -1.446898e+06, 7.650979e+05, 1.463417e+06, -2.496788e+06, 6.544287e+05]
[2.255030e+05, 1.690630e+05, 7.308627e+04, -1.663702e+04, -3.219687e+03, -1.393686e+05, 3.700176e+04, -5.837230e+02, -1.311067e+03, -1.942417e+03, -2.078470e+03, -2.666140e+03, -2.858869e+03, -2.816207e+03, -3.338647e+03, -3.350450e+03, -4.893034e+01, 1.466948e+02, -8.513541e+01, -1.843204e+01, 4.927390e+04, -9.932874e+04, 2.344246e+04, 2.831355e+04, -1.124888e+05, 6.938527e+03]
[-1.023281e+05, 1.190844e+04, -1.663702e+04, 2.904092e+04, 5.907032e+03, 1.694607e+04, -4.795103e+03, 2.281235e+03, 3.508375e+03, 5.080148e+03, 4.424718e+03, 5.903253e+03, 5.306327e+03, 4.097117e+03, 6.077312e+03, 5.875618e+03, -3.198275e+01, 4.107155e+02, 5.954149e+01, 4.797146e+01, -1.568627e+04, 2.256569e+04, -2.348601e+03, -6.505717e+03, 2.106710e+04, 2.123947e+03]
[-1.984072e+04, 2.910950e+03, -3.219687e+03, 5.907032e+03, 1.275132e+03, 3.022279e+03, -8.332268e+02, 3.646052e+02, 5.975542e+02, 9.296500e+02, 8.638255e+02, 1.201077e+03, 1.123969e+03, 9.256019e+02, 1.421465e+03, 1.393906e+03, -7.408537e+00, 8.712429e+01, 1.104206e+01, 1.110911e+01, -2.120190e+03, 3.261575e+03, -3.231828e+02, -7.740142e+02, 2.951664e+03, 3.804333e+02]
[-6.426625e+05, -6.073810e+05, -1.393686e+05, 1.694607e+04, 3.022279e+03, 5.943237e+05, -1.161074e+05, 9.347128e+02, 3.640991e+02, -4.333770e+02, 1.014667e+03, -1.427408e+03, -6.248524e+03, 3.238315e+03, 4.994785e+02, -5.303763e+03, 4.189448e+01, 2.946604e+02, 2.285898e+02, 9.022671e+01, -1.336668e+05, 2.704741e+05, -6.237439e+04, -7.528610e+04, 3.063121e+05, -1.729772e+04]
[1.637268e+05, 1.556991e+05, 3.700176e+04, -4.795103e+03, -8.332268e+02, -1.161074e+05, 2.896277e+04, -2.460055e+02, -2.915737e+02, 3.713540e+01, -4.249994e+02, 5.075029e+02, 3.124293e+02, -6.212139e+02, 6.454999e+02, 1.018443e+03, -1.234654e+01, -5.326217e+01, -5.474190e+01, -2.064456e+01, 3.516154e+04, -7.110612e+04, 1.647158e+04, 1.987067e+04, -8.053276e+04, 4.628473e+03]
[-9.336676e+03, 4.577592e+03, -5.837230e+02, 2.281235e+03, 3.646052e+02, 9.347128e+02, -2.460055e+02, 3.405307e+03, 6.926553e+02, 5.391878e+02, 3.630905e+02, 2.086916e+02, 1.282574e+02, 6.696673e+01, 4.074594e+01, 2.446077e+01, -9.205601e+00, 1.094174e+02, 1.323757e+01, 4.593979e+00, -1.661083e+02, 5.946419e+01, -3.056492e+01, -3.055352e+02, 2.321012e+02, -8.431033e+01]
[-1.142784e+04, 8.066668e+03, -1.311067e+03, 3.508375e+03, 5.975542e+02, 3.640991e+02, -2.915737e+02, 6.926553e+02, 5.148708e+03, 7.549775e+02, 5.456178e+02, 3.453253e+02, 2.194528e+02, 1.190129e+02, 7.294914e+01, 4.431666e+01, -8.370227e+00, 1.174579e+02, 1.857312e+01, 8.142853e+00, -1.958769e+02, 5.567792e+01, -2.977750e+01, -3.831365e+02, 2.717074e+02, -1.078331e+02]
[-1.217000e+04, 1.352658e+04, -1.942417e+03, 5.080148e+03, 9.296500e+02, -4.333770e+02, 3.713540e+01, 5.391878e+02, 7.549775e+02, 7.582993e+03, 7.350864e+02, 5.014495e+02, 3.276866e+02, 1.847002e+02, 1.153942e+02, 7.058422e+01, -8.796534e+00, 1.219087e+02, 1.919283e+01, 1.244192e+01, -1.886116e+02, 1.520204e+01, -1.186144e+01, -4.274318e+02, 2.546765e+02, -1.262032e+02]
[-8.398204e+03, 1.318122e+04, -2.078470e+03, 4.424718e+03, 8.638255e+02, 1.014667e+03, -4.249994e+02, 3.630905e+02, 5.456178e+02, 7.350864e+02, 6.467801e+03, 4.733740e+02, 3.232450e+02, 1.893471e+02, 1.192605e+02, 7.365581e+01, -5.943998e+00, 8.870374e+01, 1.550789e+01, 1.140410e+01, -1.271364e+02, -7.904370e+00, -2.123756e-01, -3.090079e+02, 1.634795e+02, -9.219263e+01]
[-5.376328e+03, 2.124370e+04, -2.666140e+03, 5.903253e+03, 1.201077e+03, -1.427408e+03, 5.075029e+02, 2.086916e+02, 3.453253e+02, 5.014495e+02, 4.733740e+02, 9.255785e+03, 3.487055e+02, 2.137228e+02, 1.383563e+02, 8.625963e+01, -6.097048e+00, 7.031717e+01, 8.730359e+00, 1.112496e+01, 1.239397e+01, -1.672517e+02, 8.775057e+01, -1.664069e+02, -9.794949e+01, -4.125247e+01]
[-3.067838e+03, 1.957690e+04, -2.858869e+03, 5.306327e+03, 1.123969e+03, -6.248524e+03, 3.124293e+02, 1.282574e+02, 2.194528e+02, 3.276866e+02, 3.232450e+02, 3.487055e+02, 8.035173e+03, 1.823332e+02, 1.193160e+02, 7.590527e+01, -4.324773e+00, 4.634941e+01, 5.068842e+00, 7.839226e+00, 1.187514e+02, -2.477540e+02, 1.469741e+02, 7.932802e+01, -3.629321e+02, 7.435668e+01]
[-1.326558e+03, 1.741420e+04, -2.816207e+03, 4.097117e+03, 9.256019e+02, 3.238315e+03, -6.212139e+02, 6.696673e+01, 1.190129e+02, 1.847002e+02, 1.893471e+02, 2.137228e+02, 1.823332e+02, 6.724523e+03, 1.035209e+02, 6.814155e+01, -3.736066e+00, 2.502284e+01, -1.133684e+00, 3.441221e+00, 1.919760e+02, -3.323937e+02, 1.916770e+02, 1.836278e+02, -5.278679e+02, 1.166659e+02]
[1.949302e+03, 2.632993e+04, -3.338647e+03, 6.077312e+03, 1.421465e+03, 4.994785e+02, 6.454999e+02, 4.074594e+01, 7.294914e+01, 1.153942e+02, 1.192605e+02, 1.383563e+02, 1.193160e+02, 1.035209e+02, 9.946757e+03, 5.479810e+01, -3.017978e+00, 1.638328e+01, -2.320811e+00, 1.920690e+00, 1.503047e+00, -3.178212e+01, 1.793547e+01, -2.591285e+01, -2.526297e+01, -3.330041e+00]
[1.486564e+03, 2.355177e+04, -3.350450e+03, 5.875618e+03, 1.393906e+03, -5.303763e+03, 1.018443e+03, 2.446077e+01, 4.431666e+01, 7.058422e+01, 7.365581e+01, 8.625963e+01, 7.590527e+01, 6.814155e+01, 5.479810e+01, 8.617963e+03, -2.155572e+00, 9.320343e+00, -2.541903e+00, 7.408262e-01, 2.674004e+00, -2.192354e+01, 1.241578e+01, -1.376628e+01, -1.979159e+01, -9.649983e-01]
[6.300958e+01, -6.872000e+00, -4.893034e+01, -3.198275e+01, -7.408537e+00, 4.189448e+01, -1.234654e+01, -9.205601e+00, -8.370227e+00, -8.796534e+00, -5.943998e+00, -6.097048e+00, -4.324773e+00, -3.736066e+00, -3.017978e+00, -2.155572e+00, 1.384371e+00, -4.883043e+00, 1.053215e+00, 8.888298e-02, 1.427994e+00, 1.358305e+00, -8.003990e-01, 4.387610e+00, -6.461085e-01, 1.021820e+00]
[-2.156729e+03, -6.519732e+02, 1.466948e+02, 4.107155e+02, 8.712429e+01, 2.946604e+02, -5.326217e+01, 1.094174e+02, 1.174579e+02, 1.219087e+02, 8.870374e+01, 7.031717e+01, 4.634941e+01, 2.502284e+01, 1.638328e+01, 9.320343e+00, -4.883043e+00, 4.656339e+01, 2.119060e+00, 2.320097e+00, -4.867869e+01, 1.078224e+01, -5.630674e+00, -9.761248e+01, 6.509322e+01, -2.762751e+01]
[-6.118428e+02, -2.619596e+02, -8.513541e+01, 5.954149e+01, 1.104206e+01, 2.285898e+02, -5.474190e+01, 1.323757e+01, 1.857312e+01, 1.919283e+01, 1.550789e+01, 8.730359e+00, 5.068842e+00, -1.133684e+00, -2.320811e+00, -2.541903e+00, 1.053215e+00, 2.119060e+00, 4.860619e+00, 1.122625e+00, -1.337007e+01, 7.502369e+00, -4.170591e+00, -2.270754e+01, 2.133323e+01, -7.037658e+00]
[-3.480577e+02, -1.500055e+02, -1.843204e+01, 4.797146e+01, 1.110911e+01, 9.022671e+01, -2.064456e+01, 4.593979e+00, 8.142853e+00, 1.244192e+01, 1.140410e+01, 1.112496e+01, 7.839226e+00, 3.441221e+00, 1.920690e+00, 7.408262e-01, 8.888298e-02, 2.320097e+00, 1.122625e+00, 1.039753e+01, -4.220840e+00, 5.245185e-01, -3.551591e-01, -9.509211e+00, 5.950893e+00, -2.945360e+00]
[6.345727e+05, 1.244948e+06, 4.927390e+04, -1.568627e+04, -2.120190e+03, -1.336668e+05, 3.516154e+04, -1.661083e+02, -1.958769e+02, -1.886116e+02, -1.271364e+02, 1.239397e+01, 1.187514e+02, 1.919760e+02, 1.503047e+00, 2.674004e+00, 1.427994e+00, -4.867869e+01, -1.337007e+01, -4.220840e+00, 4.080334e+05, -4.815478e+05, 2.435943e+05, 4.685340e+05, -8.114014e+05, 2.055233e+05]
[-7.995201e+05, -1.446898e+06, -9.932874e+04, 2.256569e+04, 3.261575e+03, 2.704741e+05, -7.110612e+04, 5.946419e+01, 5.567792e+01, 1.520205e+01, -7.904369e+00, -1.672517e+02, -2.477540e+02, -3.323937e+02, -3.178212e+01, -2.192354e+01, 1.358305e+00, 1.078224e+01, 7.502369e+00, 5.245185e-01, -4.815478e+05, 7.310966e+05, -2.731571e+05, -4.510638e+05, 1.034883e+06, -1.822115e+05]
[3.425874e+05, 7.650979e+05, 2.344246e+04, -2.348601e+03, -3.231828e+02, -6.237439e+04, 1.647158e+04, -3.056492e+01, -2.977750e+01, -1.186144e+01, -2.123757e-01, 8.775057e+01, 1.469741e+02, 1.916770e+02, 1.793547e+01, 1.241578e+01, -8.003989e-01, -5.630675e+00, -4.170591e+00, -3.551591e-01, 2.435943e+05, -2.731571e+05, 1.601362e+05, 3.105075e+05, -4.996162e+05, 1.484532e+05]
[6.494852e+05, 1.463417e+06, 2.831355e+04, -6.505717e+03, -7.740142e+02, -7.528610e+04, 1.987067e+04, -3.055352e+02, -3.831365e+02, -4.274318e+02, -3.090079e+02, -1.664069e+02, 7.932802e+01, 1.836278e+02, -2.591285e+01, -1.376628e+01, 4.387610e+00, -9.761248e+01, -2.270754e+01, -9.509211e+00, 4.685340e+05, -4.510638e+05, 3.105075e+05, 6.481130e+05, -9.096692e+05, 3.159852e+05]
[-1.226811e+06, -2.496788e+06, -1.124888e+05, 2.106710e+04, 2.951664e+03, 3.063121e+05, -8.053276e+04, 2.321012e+02, 2.717074e+02, 2.546765e+02, 1.634795e+02, -9.794950e+01, -3.629321e+02, -5.278679e+02, -2.526297e+01, -1.979159e+01, -6.461087e-01, 6.509322e+01, 2.133323e+01, 5.950893e+00, -8.114014e+05, 1.034883e+06, -4.996162e+05, -9.096692e+05, 1.712836e+06, -4.045405e+05]
[2.573634e+05, 6.544287e+05, 6.938527e+03, 2.123947e+03, 3.804333e+02, -1.729772e+04, 4.628473e+03, -8.431033e+01, -1.078331e+02, -1.262032e+02, -9.219263e+01, -4.125247e+01, 7.435668e+01, 1.166659e+02, -3.330041e+00, -9.649983e-01, 1.021820e+00, -2.762751e+01, -7.037658e+00, -2.945360e+00, 2.055233e+05, -1.822115e+05, 1.484532e+05, 3.159852e+05, -4.045405e+05, 1.677725e+05]



mode= LSST_Y6 1.000000e+04 2.030000e+01 3.500000e+01[2.097263e+06, 2.551868e+06, 2.255030e+05, -1.023281e+05, -1.984072e+04, -6.426625e+05, 1.637268e+05, -9.336676e+03, -1.142784e+04, -1.217000e+04, -8.398204e+03, -5.376328e+03, -3.067838e+03, -1.326558e+03, 1.949302e+03, 1.486564e+03, 6.300958e+01, -2.156729e+03, -6.118428e+02, -3.480577e+02, 6.345727e+05, -7.995201e+05, 3.425874e+05, 6.494852e+05, -1.226811e+06, 2.573634e+05]
[2.551868e+06, 4.752324e+06, 1.690630e+05, 1.190844e+04, 2.910950e+03, -6.073810e+05, 1.556991e+05, 4.577592e+03, 8.066668e+03, 1.352658e+04, 1.318122e+04, 2.124370e+04, 1.957690e+04, 1.741420e+04, 2.632993e+04, 2.355177e+04, -6.872000e+00, -6.519732e+02, -2.619596e+02, -1.500055e+02, 1.244948e+06, -1.446898e+06, 7.650979e+05, 1.463417e+06, -2.496788e+06, 6.544287e+05]
[2.255030e+05, 1.690630e+05, 7.308627e+04, -1.663702e+04, -3.219687e+03, -1.393686e+05, 3.700176e+04, -5.837230e+02, -1.311067e+03, -1.942417e+03, -2.078470e+03, -2.666140e+03, -2.858869e+03, -2.816207e+03, -3.338647e+03, -3.350450e+03, -4.893034e+01, 1.466948e+02, -8.513541e+01, -1.843204e+01, 4.927390e+04, -9.932874e+04, 2.344246e+04, 2.831355e+04, -1.124888e+05, 6.938527e+03]
[-1.023281e+05, 1.190844e+04, -1.663702e+04, 2.904092e+04, 5.907032e+03, 1.694607e+04, -4.795103e+03, 2.281235e+03, 3.508375e+03, 5.080148e+03, 4.424718e+03, 5.903253e+03, 5.306327e+03, 4.097117e+03, 6.077312e+03, 5.875618e+03, -3.198275e+01, 4.107155e+02, 5.954149e+01, 4.797146e+01, -1.568627e+04, 2.256569e+04, -2.348601e+03, -6.505717e+03, 2.106710e+04, 2.123947e+03]
[-1.984072e+04, 2.910950e+03, -3.219687e+03, 5.907032e+03, 1.275132e+03, 3.022279e+03, -8.332268e+02, 3.646052e+02, 5.975542e+02, 9.296500e+02, 8.638255e+02, 1.201077e+03, 1.123969e+03, 9.256019e+02, 1.421465e+03, 1.393906e+03, -7.408537e+00, 8.712429e+01, 1.104206e+01, 1.110911e+01, -2.120190e+03, 3.261575e+03, -3.231828e+02, -7.740142e+02, 2.951664e+03, 3.804333e+02]
[-6.426625e+05, -6.073810e+05, -1.393686e+05, 1.694607e+04, 3.022279e+03, 5.943237e+05, -1.161074e+05, 9.347128e+02, 3.640991e+02, -4.333770e+02, 1.014667e+03, -1.427408e+03, -6.248524e+03, 3.238315e+03, 4.994785e+02, -5.303763e+03, 4.189448e+01, 2.946604e+02, 2.285898e+02, 9.022671e+01, -1.336668e+05, 2.704741e+05, -6.237439e+04, -7.528610e+04, 3.063121e+05, -1.729772e+04]
[1.637268e+05, 1.556991e+05, 3.700176e+04, -4.795103e+03, -8.332268e+02, -1.161074e+05, 2.896277e+04, -2.460055e+02, -2.915737e+02, 3.713540e+01, -4.249994e+02, 5.075029e+02, 3.124293e+02, -6.212139e+02, 6.454999e+02, 1.018443e+03, -1.234654e+01, -5.326217e+01, -5.474190e+01, -2.064456e+01, 3.516154e+04, -7.110612e+04, 1.647158e+04, 1.987067e+04, -8.053276e+04, 4.628473e+03]
[-9.336676e+03, 4.577592e+03, -5.837230e+02, 2.281235e+03, 3.646052e+02, 9.347128e+02, -2.460055e+02, 3.405307e+03, 6.926553e+02, 5.391878e+02, 3.630905e+02, 2.086916e+02, 1.282574e+02, 6.696673e+01, 4.074594e+01, 2.446077e+01, -9.205601e+00, 1.094174e+02, 1.323757e+01, 4.593979e+00, -1.661083e+02, 5.946419e+01, -3.056492e+01, -3.055352e+02, 2.321012e+02, -8.431033e+01]
[-1.142784e+04, 8.066668e+03, -1.311067e+03, 3.508375e+03, 5.975542e+02, 3.640991e+02, -2.915737e+02, 6.926553e+02, 5.148708e+03, 7.549775e+02, 5.456178e+02, 3.453253e+02, 2.194528e+02, 1.190129e+02, 7.294914e+01, 4.431666e+01, -8.370227e+00, 1.174579e+02, 1.857312e+01, 8.142853e+00, -1.958769e+02, 5.567792e+01, -2.977750e+01, -3.831365e+02, 2.717074e+02, -1.078331e+02]
[-1.217000e+04, 1.352658e+04, -1.942417e+03, 5.080148e+03, 9.296500e+02, -4.333770e+02, 3.713540e+01, 5.391878e+02, 7.549775e+02, 7.582993e+03, 7.350864e+02, 5.014495e+02, 3.276866e+02, 1.847002e+02, 1.153942e+02, 7.058422e+01, -8.796534e+00, 1.219087e+02, 1.919283e+01, 1.244192e+01, -1.886116e+02, 1.520204e+01, -1.186144e+01, -4.274318e+02, 2.546765e+02, -1.262032e+02]
[-8.398204e+03, 1.318122e+04, -2.078470e+03, 4.424718e+03, 8.638255e+02, 1.014667e+03, -4.249994e+02, 3.630905e+02, 5.456178e+02, 7.350864e+02, 6.467801e+03, 4.733740e+02, 3.232450e+02, 1.893471e+02, 1.192605e+02, 7.365581e+01, -5.943998e+00, 8.870374e+01, 1.550789e+01, 1.140410e+01, -1.271364e+02, -7.904370e+00, -2.123756e-01, -3.090079e+02, 1.634795e+02, -9.219263e+01]
[-5.376328e+03, 2.124370e+04, -2.666140e+03, 5.903253e+03, 1.201077e+03, -1.427408e+03, 5.075029e+02, 2.086916e+02, 3.453253e+02, 5.014495e+02, 4.733740e+02, 9.255785e+03, 3.487055e+02, 2.137228e+02, 1.383563e+02, 8.625963e+01, -6.097048e+00, 7.031717e+01, 8.730359e+00, 1.112496e+01, 1.239397e+01, -1.672517e+02, 8.775057e+01, -1.664069e+02, -9.794949e+01, -4.125247e+01]
[-3.067838e+03, 1.957690e+04, -2.858869e+03, 5.306327e+03, 1.123969e+03, -6.248524e+03, 3.124293e+02, 1.282574e+02, 2.194528e+02, 3.276866e+02, 3.232450e+02, 3.487055e+02, 8.035173e+03, 1.823332e+02, 1.193160e+02, 7.590527e+01, -4.324773e+00, 4.634941e+01, 5.068842e+00, 7.839226e+00, 1.187514e+02, -2.477540e+02, 1.469741e+02, 7.932802e+01, -3.629321e+02, 7.435668e+01]
[-1.326558e+03, 1.741420e+04, -2.816207e+03, 4.097117e+03, 9.256019e+02, 3.238315e+03, -6.212139e+02, 6.696673e+01, 1.190129e+02, 1.847002e+02, 1.893471e+02, 2.137228e+02, 1.823332e+02, 6.724523e+03, 1.035209e+02, 6.814155e+01, -3.736066e+00, 2.502284e+01, -1.133684e+00, 3.441221e+00, 1.919760e+02, -3.323937e+02, 1.916770e+02, 1.836278e+02, -5.278679e+02, 1.166659e+02]
[1.949302e+03, 2.632993e+04, -3.338647e+03, 6.077312e+03, 1.421465e+03, 4.994785e+02, 6.454999e+02, 4.074594e+01, 7.294914e+01, 1.153942e+02, 1.192605e+02, 1.383563e+02, 1.193160e+02, 1.035209e+02, 9.946757e+03, 5.479810e+01, -3.017978e+00, 1.638328e+01, -2.320811e+00, 1.920690e+00, 1.503047e+00, -3.178212e+01, 1.793547e+01, -2.591285e+01, -2.526297e+01, -3.330041e+00]
[1.486564e+03, 2.355177e+04, -3.350450e+03, 5.875618e+03, 1.393906e+03, -5.303763e+03, 1.018443e+03, 2.446077e+01, 4.431666e+01, 7.058422e+01, 7.365581e+01, 8.625963e+01, 7.590527e+01, 6.814155e+01, 5.479810e+01, 8.617963e+03, -2.155572e+00, 9.320343e+00, -2.541903e+00, 7.408262e-01, 2.674004e+00, -2.192354e+01, 1.241578e+01, -1.376628e+01, -1.979159e+01, -9.649983e-01]
[6.300958e+01, -6.872000e+00, -4.893034e+01, -3.198275e+01, -7.408537e+00, 4.189448e+01, -1.234654e+01, -9.205601e+00, -8.370227e+00, -8.796534e+00, -5.943998e+00, -6.097048e+00, -4.324773e+00, -3.736066e+00, -3.017978e+00, -2.155572e+00, 1.384371e+00, -4.883043e+00, 1.053215e+00, 8.888298e-02, 1.427994e+00, 1.358305e+00, -8.003990e-01, 4.387610e+00, -6.461085e-01, 1.021820e+00]
[-2.156729e+03, -6.519732e+02, 1.466948e+02, 4.107155e+02, 8.712429e+01, 2.946604e+02, -5.326217e+01, 1.094174e+02, 1.174579e+02, 1.219087e+02, 8.870374e+01, 7.031717e+01, 4.634941e+01, 2.502284e+01, 1.638328e+01, 9.320343e+00, -4.883043e+00, 4.656339e+01, 2.119060e+00, 2.320097e+00, -4.867869e+01, 1.078224e+01, -5.630674e+00, -9.761248e+01, 6.509322e+01, -2.762751e+01]
[-6.118428e+02, -2.619596e+02, -8.513541e+01, 5.954149e+01, 1.104206e+01, 2.285898e+02, -5.474190e+01, 1.323757e+01, 1.857312e+01, 1.919283e+01, 1.550789e+01, 8.730359e+00, 5.068842e+00, -1.133684e+00, -2.320811e+00, -2.541903e+00, 1.053215e+00, 2.119060e+00, 4.860619e+00, 1.122625e+00, -1.337007e+01, 7.502369e+00, -4.170591e+00, -2.270754e+01, 2.133323e+01, -7.037658e+00]
[-3.480577e+02, -1.500055e+02, -1.843204e+01, 4.797146e+01, 1.110911e+01, 9.022671e+01, -2.064456e+01, 4.593979e+00, 8.142853e+00, 1.244192e+01, 1.140410e+01, 1.112496e+01, 7.839226e+00, 3.441221e+00, 1.920690e+00, 7.408262e-01, 8.888298e-02, 2.320097e+00, 1.122625e+00, 1.039753e+01, -4.220840e+00, 5.245185e-01, -3.551591e-01, -9.509211e+00, 5.950893e+00, -2.945360e+00]
[6.345727e+05, 1.244948e+06, 4.927390e+04, -1.568627e+04, -2.120190e+03, -1.336668e+05, 3.516154e+04, -1.661083e+02, -1.958769e+02, -1.886116e+02, -1.271364e+02, 1.239397e+01, 1.187514e+02, 1.919760e+02, 1.503047e+00, 2.674004e+00, 1.427994e+00, -4.867869e+01, -1.337007e+01, -4.220840e+00, 4.080334e+05, -4.815478e+05, 2.435943e+05, 4.685340e+05, -8.114014e+05, 2.055233e+05]
[-7.995201e+05, -1.446898e+06, -9.932874e+04, 2.256569e+04, 3.261575e+03, 2.704741e+05, -7.110612e+04, 5.946419e+01, 5.567792e+01, 1.520205e+01, -7.904369e+00, -1.672517e+02, -2.477540e+02, -3.323937e+02, -3.178212e+01, -2.192354e+01, 1.358305e+00, 1.078224e+01, 7.502369e+00, 5.245185e-01, -4.815478e+05, 7.310966e+05, -2.731571e+05, -4.510638e+05, 1.034883e+06, -1.822115e+05]
[3.425874e+05, 7.650979e+05, 2.344246e+04, -2.348601e+03, -3.231828e+02, -6.237439e+04, 1.647158e+04, -3.056492e+01, -2.977750e+01, -1.186144e+01, -2.123757e-01, 8.775057e+01, 1.469741e+02, 1.916770e+02, 1.793547e+01, 1.241578e+01, -8.003989e-01, -5.630675e+00, -4.170591e+00, -3.551591e-01, 2.435943e+05, -2.731571e+05, 1.601362e+05, 3.105075e+05, -4.996162e+05, 1.484532e+05]
[6.494852e+05, 1.463417e+06, 2.831355e+04, -6.505717e+03, -7.740142e+02, -7.528610e+04, 1.987067e+04, -3.055352e+02, -3.831365e+02, -4.274318e+02, -3.090079e+02, -1.664069e+02, 7.932802e+01, 1.836278e+02, -2.591285e+01, -1.376628e+01, 4.387610e+00, -9.761248e+01, -2.270754e+01, -9.509211e+00, 4.685340e+05, -4.510638e+05, 3.105075e+05, 6.481130e+05, -9.096692e+05, 3.159852e+05]
[-1.226811e+06, -2.496788e+06, -1.124888e+05, 2.106710e+04, 2.951664e+03, 3.063121e+05, -8.053276e+04, 2.321012e+02, 2.717074e+02, 2.546765e+02, 1.634795e+02, -9.794950e+01, -3.629321e+02, -5.278679e+02, -2.526297e+01, -1.979159e+01, -6.461087e-01, 6.509322e+01, 2.133323e+01, 5.950893e+00, -8.114014e+05, 1.034883e+06, -4.996162e+05, -9.096692e+05, 1.712836e+06, -4.045405e+05]
[2.573634e+05, 6.544287e+05, 6.938527e+03, 2.123947e+03, 3.804333e+02, -1.729772e+04, 4.628473e+03, -8.431033e+01, -1.078331e+02, -1.262032e+02, -9.219263e+01, -4.125247e+01, 7.435668e+01, 1.166659e+02, -3.330041e+00, -9.649983e-01, 1.021820e+00, -2.762751e+01, -7.037658e+00, -2.945360e+00, 2.055233e+05, -1.822115e+05, 1.484532e+05, 3.159852e+05, -4.045405e+05, 1.677725e+05]



mode= LSST_Y6 1.500000e+04 2.350000e+01 4.100000e+01[2.569597e+06, 2.479792e+06, 2.984621e+05, -1.453582e+05, -3.138947e+04, -8.584353e+05, 2.164242e+05, -1.736621e+04, -2.117527e+04, -2.291868e+04, -1.600364e+04, -1.119596e+04, -6.722977e+03, -3.907237e+03, 2.092555e+03, 1.674552e+03, 2.114756e+02, -4.378382e+03, -1.014972e+03, -6.402652e+02, 4.414487e+05, -5.443234e+05, 2.334529e+05, 4.575908e+05, -8.419826e+05, 1.778027e+05]
[2.479792e+06, 4.104351e+06, 1.669030e+05, 3.414529e+04, 5.041103e+03, -6.862347e+05, 1.731284e+05, 6.042123e+03, 1.104979e+04, 1.889074e+04, 1.889630e+04, 3.055638e+04, 2.837110e+04, 2.516521e+04, 3.916837e+04, 3.522311e+04, 4.759273e+01, -1.493755e+03, -4.224447e+02, -2.864795e+02, 8.521773e+05, -9.841073e+05, 5.191427e+05, 1.002047e+06, -1.699942e+06, 4.445641e+05]
[2.984621e+05, 1.669030e+05, 1.072552e+05, -2.212874e+04, -4.499485e+03, -1.918680e+05, 5.099289e+04, -8.334626e+02, -1.941788e+03, -2.869807e+03, -3.027689e+03, -3.874828e+03, -4.155370e+03, -4.168970e+03, -4.878481e+03, -4.947931e+03, -8.750448e+01, 2.196644e+02, -1.661842e+02, -4.305118e+01, 3.442367e+04, -6.694552e+04, 1.597731e+04, 2.123438e+04, -7.684895e+04, 5.148189e+03]
[-1.453582e+05, 3.414529e+04, -2.212874e+04, 4.410367e+04, 9.272053e+03, 1.965558e+04, -5.566730e+03, 3.982192e+03, 5.953742e+03, 8.479622e+03, 7.337267e+03, 9.507687e+03, 8.439253e+03, 6.568485e+03, 9.386365e+03, 9.033460e+03, -6.874007e+01, 7.937183e+02, 9.856776e+01, 8.670619e+01, -1.358845e+04, 1.727156e+04, -2.671543e+03, -9.113787e+03, 1.909148e+04, -2.751190e+02]
[-3.138947e+04, 5.041103e+03, -4.499485e+03, 9.272053e+03, 2.049598e+03, 4.111403e+03, -1.115489e+03, 6.517311e+02, 1.030021e+03, 1.572611e+03, 1.444036e+03, 1.951127e+03, 1.800932e+03, 1.490373e+03, 2.205700e+03, 2.150226e+03, -1.606547e+01, 1.689533e+02, 1.737783e+01, 1.978394e+01, -1.842800e+03, 2.425063e+03, -3.389535e+02, -1.204095e+03, 2.604117e+03, 3.002841e+01]
[-8.584353e+05, -6.862347e+05, -1.918680e+05, 1.965558e+04, 4.111403e+03, 7.943222e+05, -1.605716e+05, 1.772055e+03, 1.023897e+03, -1.425561e+02, 1.754413e+03, -2.123975e+03, -9.512193e+03, 5.008902e+03, 4.289927e+02, -8.312220e+03, 5.554964e+01, 6.656115e+02, 3.941204e+02, 1.829768e+02, -9.716850e+04, 1.856771e+05, -4.430645e+04, -6.247418e+04, 2.165113e+05, -1.547742e+04]
[2.164242e+05, 1.731284e+05, 5.099289e+04, -5.566730e+03, -1.115489e+03, -1.605716e+05, 3.963521e+04, -4.569825e+02, -5.472294e+02, -5.559618e+01, -6.780589e+02, 7.618553e+02, 5.071711e+02, -9.432166e+02, 1.064760e+03, 1.610079e+03, -1.826869e+01, -1.319847e+02, -9.890239e+01, -4.332848e+01, 2.539354e+04, -4.868615e+04, 1.163246e+04, 1.621379e+04, -5.662981e+04, 4.023634e+03]
[-1.736622e+04, 6.042123e+03, -8.334626e+02, 3.982192e+03, 6.517311e+02, 1.772055e+03, -4.569825e+02, 5.332338e+03, 1.273747e+03, 9.835886e+02, 6.641255e+02, 3.783452e+02, 2.289828e+02, 1.280177e+02, 6.140672e+01, 3.675583e+01, -1.892924e+01, 2.065685e+02, 2.099446e+01, 7.593082e+00, -4.172544e+02, 2.180623e+02, -1.062120e+02, -6.815879e+02, 6.092617e+02, -1.947752e+02]
[-2.117527e+04, 1.104979e+04, -1.941788e+03, 5.953742e+03, 1.030021e+03, 1.023897e+03, -5.472294e+02, 1.273747e+03, 7.977927e+03, 1.353121e+03, 9.773771e+02, 6.133796e+02, 3.869347e+02, 2.269031e+02, 1.153068e+02, 7.044105e+01, -1.828503e+01, 2.235530e+02, 2.929307e+01, 1.351176e+01, -5.099596e+02, 2.616265e+02, -1.295710e+02, -8.581448e+02, 7.573170e+02, -2.541767e+02]
[-2.291868e+04, 1.889074e+04, -2.869807e+03, 8.479622e+03, 1.572611e+03, -1.425561e+02, -5.559618e+01, 9.835886e+02, 1.353121e+03, 1.167614e+04, 1.331703e+03, 9.036876e+02, 5.901778e+02, 3.625935e+02, 1.960751e+02, 1.214399e+02, -1.972534e+01, 2.329303e+02, 2.911699e+01, 2.159836e+01, -5.688251e+02, 2.762960e+02, -1.422511e+02, -1.013191e+03, 8.665902e+02, -3.211937e+02]
[-1.600364e+04, 1.889630e+04, -3.027689e+03, 7.337267e+03, 1.444036e+03, 1.754413e+03, -6.780589e+02, 6.641255e+02, 9.773771e+02, 1.331703e+03, 9.893337e+03, 8.462390e+02, 5.803098e+02, 3.734063e+02, 2.086604e+02, 1.312185e+02, -1.350837e+01, 1.701748e+02, 2.438608e+01, 1.992577e+01, -4.115836e+02, 1.927021e+02, -1.012362e+02, -7.501589e+02, 6.306758e+02, -2.436356e+02]
[-1.119596e+04, 3.055638e+04, -3.874828e+03, 9.507687e+03, 1.951127e+03, -2.123975e+03, 7.618553e+02, 3.783452e+02, 6.133796e+02, 9.036876e+02, 8.462390e+02, 1.406235e+04, 6.449269e+02, 4.383990e+02, 2.572813e+02, 1.638200e+02, -1.333890e+01, 1.340028e+02, 1.246365e+01, 1.965627e+01, -2.787308e+02, 6.339268e+01, -3.337282e+01, -6.295326e+02, 4.229552e+02, -2.205971e+02]
[-6.722977e+03, 2.837110e+04, -4.155370e+03, 8.439253e+03, 1.800932e+03, -9.512193e+03, 5.071711e+02, 2.289828e+02, 3.869347e+02, 5.901778e+02, 5.803098e+02, 6.449269e+02, 1.217838e+04, 3.672607e+02, 2.287998e+02, 1.492311e+02, -9.030868e+00, 8.881458e+01, 8.185039e+00, 1.429110e+01, -6.467560e+01, -9.272564e+01, 6.227575e+01, -2.205085e+02, -1.283556e+01, -5.046489e+01]
[-3.907237e+03, 2.516521e+04, -4.168970e+03, 6.568485e+03, 1.490373e+03, 5.008902e+03, -9.432166e+02, 1.280177e+02, 2.269031e+02, 3.625935e+02, 3.734063e+02, 4.383990e+02, 3.672607e+02, 1.018517e+04, 1.959351e+02, 1.313140e+02, -5.729717e+00, 5.552997e+01, 5.225364e+00, 9.690607e+00, 2.258712e+01, -1.740382e+02, 1.030391e+02, -9.818033e+01, -1.788253e+02, -1.025864e+01]
[2.092555e+03, 3.916837e+04, -4.878481e+03, 9.386365e+03, 2.205700e+03, 4.289927e+02, 1.064760e+03, 6.140672e+01, 1.153068e+02, 1.960751e+02, 2.086604e+02, 2.572813e+02, 2.287998e+02, 1.959351e+02, 1.506355e+04, 1.199273e+02, -5.557639e+00, 2.876846e+01, -4.340094e+00, 3.133171e+00, -4.851985e+01, 4.760533e+00, -1.168890e+00, -1.107651e+02, 6.355643e+01, -3.678647e+01]
[1.674552e+03, 3.522311e+04, -4.947931e+03, 9.033460e+03, 2.150226e+03, -8.312220e+03, 1.610079e+03, 3.675583e+01, 7.044105e+01, 1.214399e+02, 1.312185e+02, 1.638200e+02, 1.492311e+02, 1.313140e+02, 1.199273e+02, 1.305518e+04, -3.875297e+00, 1.671842e+01, -4.282419e+00, 1.305286e+00, -2.823409e+01, 1.219525e-01, 9.048362e-01, -6.709109e+01, 3.490004e+01, -2.208011e+01]
[2.114756e+02, 4.759273e+01, -8.750448e+01, -6.874007e+01, -1.606547e+01, 5.554964e+01, -1.826869e+01, -1.892924e+01, -1.828503e+01, -1.972534e+01, -1.350837e+01, -1.333890e+01, -9.030868e+00, -5.729717e+00, -5.557639e+00, -3.875297e+00, 2.375831e+00, -8.800706e+00, 2.427119e+00, 3.389230e-01, 8.814110e+00, -3.407903e+00, 1.619148e+00, 1.652558e+01, -1.267991e+01, 5.230683e+00]
[-4.378382e+03, -1.493755e+03, 2.196644e+02, 7.937183e+02, 1.689533e+02, 6.656115e+02, -1.319847e+02, 2.065685e+02, 2.235530e+02, 2.329303e+02, 1.701748e+02, 1.340028e+02, 8.881458e+01, 5.552997e+01, 2.876846e+01, 1.671842e+01, -8.800706e+00, 8.299351e+01, 4.364610e+00, 4.663729e+00, -1.373255e+02, 6.929632e+01, -3.450862e+01, -2.337787e+02, 2.044409e+02, -7.137461e+01]
[-1.014972e+03, -4.224447e+02, -1.661842e+02, 9.856776e+01, 1.737783e+01, 3.941204e+02, -9.890239e+01, 2.099446e+01, 2.929307e+01, 2.911699e+01, 2.438608e+01, 1.246365e+01, 8.185039e+00, 5.225364e+00, -4.340094e+00, -4.282419e+00, 2.427119e+00, 4.364610e+00, 9.600394e+00, 2.720024e+00, -2.480043e+01, 1.531637e+01, -7.846988e+00, -3.819562e+01, 3.817283e+01, -1.119588e+01]
[-6.402652e+02, -2.864795e+02, -4.305118e+01, 8.670619e+01, 1.978394e+01, 1.829768e+02, -4.332848e+01, 7.593082e+00, 1.351176e+01, 2.159836e+01, 1.992577e+01, 1.965627e+01, 1.429110e+01, 9.690607e+00, 3.133171e+00, 1.305286e+00, 3.389230e-01, 4.663729e+00, 2.720024e+00, 1.123300e+01, -1.249408e+01, 6.577787e+00, -3.444566e+00, -2.226133e+01, 1.984177e+01, -7.415178e+00]
[4.414487e+05, 8.521773e+05, 3.442367e+04, -1.358845e+04, -1.842800e+03, -9.716850e+04, 2.539354e+04, -4.172544e+02, -5.099596e+02, -5.688251e+02, -4.115836e+02, -2.787308e+02, -6.467560e+01, 2.258712e+01, -4.851985e+01, -2.823409e+01, 8.814110e+00, -1.373255e+02, -2.480043e+01, -1.249408e+01, 2.877502e+05, -3.362364e+05, 1.699628e+05, 3.335397e+05, -5.701180e+05, 1.456893e+05]
[-5.443234e+05, -9.841073e+05, -6.694552e+04, 1.727156e+04, 2.425063e+03, 1.856771e+05, -4.868615e+04, 2.180623e+02, 2.616265e+02, 2.762960e+02, 1.927021e+02, 6.339268e+01, -9.272564e+01, -1.740382e+02, 4.760533e+00, 1.219524e-01, -3.407903e+00, 6.929633e+01, 1.531637e+01, 6.577788e+00, -3.362364e+05, 5.029366e+05, -1.897609e+05, -3.210153e+05, 7.193430e+05, -1.300494e+05]
[2.334529e+05, 5.191427e+05, 1.597731e+04, -2.671543e+03, -3.389535e+02, -4.430645e+04, 1.163246e+04, -1.062120e+02, -1.295710e+02, -1.422511e+02, -1.012362e+02, -3.337282e+01, 6.227575e+01, 1.030391e+02, -1.168890e+00, 9.048362e-01, 1.619148e+00, -3.450862e+01, -7.846988e+00, -3.444566e+00, 1.699628e+05, -1.897609e+05, 1.107290e+05, 2.174684e+05, -3.477978e+05, 1.034926e+05]
[4.575908e+05, 1.002047e+06, 2.123438e+04, -9.113787e+03, -1.204095e+03, -6.247418e+04, 1.621379e+04, -6.815879e+02, -8.581448e+02, -1.013191e+03, -7.501589e+02, -6.295326e+02, -2.205085e+02, -9.818033e+01, -1.107651e+02, -6.709109e+01, 1.652558e+01, -2.337787e+02, -3.819562e+01, -2.226133e+01, 3.335397e+05, -3.210153e+05, 2.174684e+05, 4.633279e+05, -6.457140e+05, 2.237297e+05]
[-8.419826e+05, -1.699942e+06, -7.684895e+04, 1.909148e+04, 2.604117e+03, 2.165113e+05, -5.662981e+04, 6.092617e+02, 7.573170e+02, 8.665902e+02, 6.306758e+02, 4.229552e+02, -1.283556e+01, -1.788253e+02, 6.355643e+01, 3.490004e+01, -1.267991e+01, 2.044409e+02, 3.817283e+01, 1.984177e+01, -5.701180e+05, 7.193430e+05, -3.477978e+05, -6.457140e+05, 1.200107e+06, -2.864713e+05]
[1.778027e+05, 4.445641e+05, 5.148189e+03, -2.751190e+02, 3.002841e+01, -1.547742e+04, 4.023634e+03, -1.947752e+02, -2.541767e+02, -3.211937e+02, -2.436356e+02, -2.205971e+02, -5.046489e+01, -1.025864e+01, -3.678647e+01, -2.208011e+01, 5.230683e+00, -7.137461e+01, -1.119588e+01, -7.415178e+00, 1.456893e+05, -1.300494e+05, 1.034926e+05, 2.237297e+05, -2.864713e+05, 1.176509e+05]



mode= LSST_Y6 2.000000e+04 2.690000e+01 4.800000e+01[3.422050e+06, 2.855022e+06, 4.113047e+05, -2.102383e+05, -4.766077e+04, -1.189945e+06, 2.981837e+05, -2.783356e+04, -3.381466e+04, -3.711055e+04, -2.608665e+04, -1.905139e+04, -1.183124e+04, -7.316732e+03, 1.508824e+03, 1.339244e+03, 4.522667e+02, -7.387387e+03, -1.433928e+03, -1.017872e+03, 3.503647e+05, -4.179073e+05, 1.794440e+05, 3.712067e+05, -6.552942e+05, 1.402458e+05]
[2.855022e+06, 4.196824e+06, 2.067200e+05, 4.489703e+04, 4.430490e+03, -8.840015e+05, 2.207449e+05, 6.961201e+03, 1.330342e+04, 2.325675e+04, 2.401992e+04, 3.939074e+04, 3.688852e+04, 3.266961e+04, 5.167926e+04, 4.666452e+04, 1.597640e+02, -2.633862e+03, -5.313921e+02, -4.430889e+02, 6.550302e+05, -7.492563e+05, 3.942858e+05, 7.718313e+05, -1.297486e+06, 3.386430e+05]
[4.113047e+05, 2.067200e+05, 1.517343e+05, -2.839904e+04, -5.918446e+03, -2.659252e+05, 7.090155e+04, -1.043750e+03, -2.545669e+03, -3.763363e+03, -3.908806e+03, -4.960313e+03, -5.331029e+03, -5.373677e+03, -6.290981e+03, -6.453510e+03, -1.296559e+02, 2.766176e+02, -2.692606e+02, -7.762389e+01, 2.754874e+04, -5.084900e+04, 1.227820e+04, 1.862776e+04, -5.950906e+04, 4.421981e+03]
[-2.102383e+05, 4.489703e+04, -2.839904e+04, 6.248753e+04, 1.331212e+04, 2.650149e+04, -7.308862e+03, 6.174241e+03, 8.968652e+03, 1.256111e+04, 1.077601e+04, 1.357919e+04, 1.192601e+04, 9.256321e+03, 1.286713e+04, 1.232385e+04, -1.247769e+02, 1.316382e+03, 1.279844e+02, 1.354638e+02, -1.429268e+04, 1.586827e+04, -3.483523e+03, -1.325533e+04, 2.105613e+04, -2.533767e+03]
[-4.766077e+04, 4.430490e+03, -5.918446e+03, 1.331212e+04, 2.978486e+03, 6.181862e+03, -1.595297e+03, 1.031246e+03, 1.574036e+03, 2.361221e+03, 2.138891e+03, 2.811417e+03, 2.559575e+03, 2.106913e+03, 3.035750e+03, 2.941619e+03, -2.946245e+01, 2.773976e+02, 1.823123e+01, 2.979648e+01, -2.010476e+03, 2.212777e+03, -4.529238e+02, -1.911846e+03, 2.925660e+03, -3.203846e+02]
[-1.189945e+06, -8.840015e+05, -2.659252e+05, 2.650149e+04, 6.181862e+03, 1.057189e+06, -2.205935e+05, 2.921644e+03, 2.048528e+03, 5.028168e+02, 2.673806e+03, -2.737820e+03, -1.280152e+04, 6.548998e+03, 2.130251e+02, -1.150480e+04, 5.801943e+01, 1.230410e+03, 6.200566e+02, 3.122913e+02, -8.251731e+04, 1.453097e+05, -3.630272e+04, -6.205313e+04, 1.769386e+05, -1.650193e+04]
[2.981837e+05, 2.207449e+05, 7.090155e+04, -7.308862e+03, -1.595297e+03, -2.205935e+05, 5.437396e+04, -7.225446e+02, -8.700625e+02, -2.280566e+02, -9.622252e+02, 1.028213e+03, 7.263949e+02, -1.196548e+03, 1.545475e+03, 2.252716e+03, -2.247578e+01, -2.541238e+02, -1.604636e+02, -7.684038e+01, 2.135525e+04, -3.793311e+04, 9.444741e+03, 1.579596e+04, -4.589971e+04, 4.166187e+03]
[-2.783356e+04, 6.961201e+03, -1.043750e+03, 6.174241e+03, 1.031246e+03, 2.921644e+03, -7.225446e+02, 7.435166e+03, 2.032781e+03, 1.560443e+03, 1.058941e+03, 6.046517e+02, 3.721164e+02, 2.129516e+02, 9.886802e+01, 5.984579e+01, -3.174557e+01, 3.388669e+02, 3.148639e+01, 1.217421e+01, -7.777012e+02, 4.404201e+02, -2.100499e+02, -1.224425e+03, 1.143304e+03, -3.536766e+02]
[-3.381466e+04, 1.330342e+04, -2.545669e+03, 8.968652e+03, 1.574036e+03, 2.048528e+03, -8.700625e+02, 2.032781e+03, 1.099536e+04, 2.107480e+03, 1.523982e+03, 9.549093e+02, 6.109435e+02, 3.651926e+02, 1.803152e+02, 1.116043e+02, -3.123183e+01, 3.676228e+02, 4.361148e+01, 2.143457e+01, -9.472248e+02, 5.391283e+02, -2.610995e+02, -1.525998e+03, 1.422320e+03, -4.590784e+02]
[-3.711055e+04, 2.325675e+04, -3.763363e+03, 1.256111e+04, 2.361221e+03, 5.028168e+02, -2.280566e+02, 1.560443e+03, 2.107480e+03, 1.598775e+04, 2.096388e+03, 1.419447e+03, 9.387695e+02, 5.864857e+02, 3.105802e+02, 1.952915e+02, -3.415437e+01, 3.825424e+02, 4.155557e+01, 3.482667e+01, -1.093623e+03, 6.253232e+02, -3.133941e+02, -1.834120e+03, 1.700678e+03, -5.951840e+02]
[-2.608665e+04, 2.401992e+04, -3.908806e+03, 1.077601e+04, 2.138891e+03, 2.673806e+03, -9.622252e+02, 1.058941e+03, 1.523982e+03, 2.096388e+03, 1.345296e+04, 1.314917e+03, 9.107981e+02, 5.944703e+02, 3.261491e+02, 2.085787e+02, -2.376073e+01, 2.800952e+02, 3.469022e+01, 3.169910e+01, -8.013390e+02, 4.568891e+02, -2.319156e+02, -1.365804e+03, 1.261214e+03, -4.551379e+02]
[-1.905139e+04, 3.939074e+04, -4.960313e+03, 1.357919e+04, 2.811417e+03, -2.737820e+03, 1.028213e+03, 6.046517e+02, 9.549093e+02, 1.419447e+03, 1.314917e+03, 1.900443e+04, 1.030172e+03, 7.108773e+02, 4.108765e+02, 2.664183e+02, -2.374979e+01, 2.186471e+02, 1.344486e+01, 3.051900e+01, -6.533097e+02, 3.430948e+02, -1.777305e+02, -1.242128e+03, 1.079180e+03, -4.559840e+02]
[-1.183124e+04, 3.688852e+04, -5.331029e+03, 1.192601e+04, 2.559575e+03, -1.280152e+04, 7.263949e+02, 3.721164e+02, 6.109435e+02, 9.387695e+02, 9.107981e+02, 1.030172e+03, 1.640215e+04, 5.926040e+02, 3.646404e+02, 2.423721e+02, -1.652777e+01, 1.467135e+02, 7.989466e+00, 2.227189e+01, -3.135538e+02, 1.045409e+02, -4.281853e+01, -6.354210e+02, 4.474667e+02, -2.196280e+02]
[-7.316732e+03, 3.266961e+04, -5.373677e+03, 9.256321e+03, 2.106913e+03, 6.548998e+03, -1.196548e+03, 2.129516e+02, 3.651926e+02, 5.864857e+02, 5.944703e+02, 7.108773e+02, 5.926040e+02, 1.369104e+04, 3.137830e+02, 2.144356e+02, -1.132670e+01, 9.302779e+01, 3.109528e+00, 1.480575e+01, -1.878056e+02, 1.162212e+01, 1.331426e+00, -4.509479e+02, 2.396099e+02, -1.650381e+02]
[1.508824e+03, 5.167926e+04, -6.290981e+03, 1.286713e+04, 3.035750e+03, 2.130251e+02, 1.545475e+03, 9.886802e+01, 1.803152e+02, 3.105802e+02, 3.261491e+02, 4.108765e+02, 3.646404e+02, 3.137830e+02, 2.023026e+04, 2.054302e+02, -1.052942e+01, 4.406902e+01, -1.312843e+01, 2.912140e+00, -1.284177e+02, 6.983250e+01, -3.576967e+01, -2.393068e+02, 2.110366e+02, -8.803847e+01]
[1.339244e+03, 4.666452e+04, -6.453510e+03, 1.232385e+04, 2.941619e+03, -1.150480e+04, 2.252716e+03, 5.984579e+01, 1.116043e+02, 1.952915e+02, 2.085787e+02, 2.664183e+02, 2.423721e+02, 2.144356e+02, 2.054302e+02, 1.753441e+04, -7.383670e+00, 2.566584e+01, -1.108625e+01, 7.360592e-01, -8.004558e+01, 4.321930e+01, -2.216133e+01, -1.500288e+02, 1.316812e+02, -5.543219e+01]
[4.522667e+02, 1.597640e+02, -1.296559e+02, -1.247769e+02, -2.946245e+01, 5.801943e+01, -2.247578e+01, -3.174557e+01, -3.123183e+01, -3.415437e+01, -2.376073e+01, -2.374979e+01, -1.652777e+01, -1.132670e+01, -1.052942e+01, -7.383670e+00, 3.558586e+00, -1.369850e+01, 4.027844e+00, 6.133521e-01, 2.115137e+01, -1.193989e+01, 5.931067e+00, 3.618790e+01, -3.311266e+01, 1.213129e+01]
[-7.387387e+03, -2.633862e+03, 2.766176e+02, 1.316382e+03, 2.773976e+02, 1.230410e+03, -2.541238e+02, 3.388669e+02, 3.676228e+02, 3.825424e+02, 2.800952e+02, 2.186471e+02, 1.467135e+02, 9.302779e+01, 4.406902e+01, 2.566584e+01, -1.369850e+01, 1.316162e+02, 8.066874e+00, 8.443151e+00, -2.650481e+02, 1.512358e+02, -7.411893e+01, -4.325021e+02, 4.026433e+02, -1.355120e+02]
[-1.433928e+03, -5.313921e+02, -2.692606e+02, 1.279844e+02, 1.823123e+01, 6.200566e+02, -1.604636e+02, 3.148639e+01, 4.361148e+01, 4.155557e+01, 3.469022e+01, 1.344486e+01, 7.989466e+00, 3.109528e+00, -1.312843e+01, -1.108625e+01, 4.027844e+00, 8.066874e+00, 1.561585e+01, 4.958375e+00, -3.592157e+01, 2.082413e+01, -9.997542e+00, -5.420494e+01, 5.196639e+01, -1.488398e+01]
[-1.017872e+03, -4.430889e+02, -7.762389e+01, 1.354638e+02, 2.979648e+01, 3.122913e+02, -7.684038e+01, 1.217421e+01, 2.143457e+01, 3.482667e+01, 3.169910e+01, 3.051900e+01, 2.227189e+01, 1.480575e+01, 2.912140e+00, 7.360592e-01, 6.133521e-01, 8.443151e+00, 4.958375e+00, 1.253013e+01, -2.364376e+01, 1.363522e+01, -6.888726e+00, -4.062603e+01, 3.763386e+01, -1.384398e+01]
[3.503647e+05, 6.550302e+05, 2.754874e+04, -1.429268e+04, -2.010476e+03, -8.251731e+04, 2.135525e+04, -7.777012e+02, -9.472248e+02, -1.093623e+03, -8.013390e+02, -6.533097e+02, -3.135538e+02, -1.878057e+02, -1.284177e+02, -8.004558e+01, 2.115137e+01, -2.650481e+02, -3.592157e+01, -2.364376e+01, 2.301987e+05, -2.655522e+05, 1.342310e+05, 2.708994e+05, -4.546970e+05, 1.179081e+05]
[-4.179073e+05, -7.492563e+05, -5.084900e+04, 1.586827e+04, 2.212777e+03, 1.453097e+05, -3.793311e+04, 4.404201e+02, 5.391283e+02, 6.253232e+02, 4.568891e+02, 3.430948e+02, 1.045409e+02, 1.162212e+01, 6.983250e+01, 4.321930e+01, -1.193988e+01, 1.512358e+02, 2.082413e+01, 1.363522e+01, -2.655522e+05, 3.904683e+05, -1.488956e+05, -2.599200e+05, 5.660061e+05, -1.057862e+05]
[1.794440e+05, 3.942858e+05, 1.227820e+04, -3.483523e+03, -4.529238e+02, -3.630272e+04, 9.444741e+03, -2.100499e+02, -2.610995e+02, -3.133941e+02, -2.319156e+02, -1.777305e+02, -4.281853e+01, 1.331424e+00, -3.576967e+01, -2.216133e+01, 5.931067e+00, -7.411893e+01, -9.997542e+00, -6.888726e+00, 1.342310e+05, -1.488956e+05, 8.648543e+04, 1.731075e+05, -2.741742e+05, 8.200616e+04]
[3.712067e+05, 7.718313e+05, 1.862776e+04, -1.325533e+04, -1.911846e+03, -6.205313e+04, 1.579596e+04, -1.224425e+03, -1.525998e+03, -1.834120e+03, -1.365804e+03, -1.242128e+03, -6.354210e+02, -4.509480e+02, -2.393068e+02, -1.500288e+02, 3.618790e+01, -4.325021e+02, -5.420494e+01, -4.062603e+01, 2.708994e+05, -2.599200e+05, 1.731075e+05, 3.797567e+05, -5.234212e+05, 1.814869e+05]
[-6.552942e+05, -1.297486e+06, -5.950906e+04, 2.105613e+04, 2.925660e+03, 1.769386e+05, -4.589971e+04, 1.143304e+03, 1.422320e+03, 1.700678e+03, 1.261214e+03, 1.079180e+03, 4.474667e+02, 2.396099e+02, 2.110366e+02, 1.316812e+02, -3.311266e+01, 4.026433e+02, 5.196640e+01, 3.763386e+01, -4.546970e+05, 5.660061e+05, -2.741742e+05, -5.234212e+05, 9.550075e+05, -2.318304e+05]
[1.402458e+05, 3.386430e+05, 4.421981e+03, -2.533767e+03, -3.203846e+02, -1.650193e+04, 4.166187e+03, -3.536766e+02, -4.590784e+02, -5.951840e+02, -4.551379e+02, -4.559840e+02, -2.196280e+02, -1.650381e+02, -8.803847e+01, -5.543219e+01, 1.213129e+01, -1.355120e+02, -1.488398e+01, -1.384398e+01, 1.179081e+05, -1.057862e+05, 8.200616e+04, 1.814869e+05, -2.318304e+05, 9.436308e+04]



mode= LSST_Y6 2.000000e+04 2.690000e+01 4.800000e+01[3.422050e+06, 2.855022e+06, 4.113047e+05, -2.102383e+05, -4.766077e+04, -1.189945e+06, 2.981837e+05, -2.783356e+04, -3.381466e+04, -3.711055e+04, -2.608665e+04, -1.905139e+04, -1.183124e+04, -7.316732e+03, 1.508824e+03, 1.339244e+03, 4.522667e+02, -7.387387e+03, -1.433928e+03, -1.017872e+03, 3.503647e+05, -4.179073e+05, 1.794440e+05, 3.712067e+05, -6.552942e+05, 1.402458e+05]
