
mode= LSST_Y3 1.000000e+04 1.510000e+01 2.500000e+01[1.705604e+06, 1.942891e+06, 1.703333e+05, -9.454334e+04, -1.680972e+04, -5.100188e+05, 1.288593e+05, -9.604728e+03, -1.070224e+04, -1.025126e+04, -5.330133e+03, -2.160658e+03, 4.205510e+03, 2.654598e+03, -3.398319e+00, -1.351932e+03, -5.051797e+02, -2.405007e+02, 4.982468e+05, -6.061426e+05, 2.403425e+05, 4.729119e+05, -8.899077e+05, 1.679852e+05]
[1.942891e+06, 3.350349e+06, 8.272626e+04, 1.695921e+03, 3.674293e+03, -4.171079e+05, 1.045394e+05, 6.471297e+03, 1.252354e+04, 1.803806e+04, 3.029806e+04, 2.591224e+04, 4.176592e+04, 3.621356e+04, -3.444666e+01, -4.151105e+02, -2.502524e+02, -1.123789e+02, 8.547351e+05, -9.242143e+05, 4.567428e+05, 9.203736e+05, -1.525175e+06, 3.617232e+05]
[1.703333e+05, 8.272626e+04, 5.906334e+04, -1.924980e+04, -3.722238e+03, -1.099617e+05, 2.918685e+04, -9.612427e+02, -2.196088e+03, -3.132876e+03, -4.303582e+03, -4.584900e+03, -5.414004e+03, -5.382024e+03, -3.571052e+01, 1.398515e+02, -4.951016e+01, -8.095777e+00, 3.344361e+04, -7.082520e+04, 1.307385e+04, 1.388260e+04, -7.273572e+04, 1.638143e+03]
[-9.454334e+04, 1.695921e+03, -1.924980e+04, 2.856701e+04, 5.886047e+03, 1.483318e+04, -4.590683e+03, 2.487785e+03, 4.047543e+03, 5.591543e+03, 7.698974e+03, 6.503725e+03, 9.225753e+03, 8.727935e+03, -1.709957e+01, 2.625888e+02, 4.827672e+01, 3.182331e+01, -2.341096e+04, 3.198584e+04, -9.341007e+03, -1.855329e+04, 4.102700e+04, -5.134870e+03]
[-1.680972e+04, 3.674293e+03, -3.722238e+03, 5.886047e+03, 1.271514e+03, 2.127215e+03, -6.864424e+02, 3.828718e+02, 6.908879e+02, 1.045231e+03, 1.546848e+03, 1.403873e+03, 2.132463e+03, 2.069014e+03, -3.823919e+00, 5.549794e+01, 9.717038e+00, 7.361664e+00, -3.271015e+03, 4.591969e+03, -1.395154e+03, -2.648103e+03, 5.933538e+03, -7.772766e+02]
[-5.100188e+05, -4.171079e+05, -1.099617e+05, 1.483318e+04, 2.127215e+03, 5.294951e+05, -9.885447e+04, 1.172690e+03, 2.417750e+03, -8.405926e+02, -1.405237e+03, -4.850058e+03, -7.382184e+02, -5.037377e+03, 3.809148e+01, 1.306425e+02, 1.536231e+02, 5.304731e+01, -9.132993e+04, 1.943520e+05, -3.504649e+04, -3.690846e+04, 2.001359e+05, -3.617674e+03]
[1.288593e+05, 1.045394e+05, 2.918685e+04, -4.590683e+03, -6.864424e+02, -9.885447e+04, 2.439637e+04, -3.063525e+02, -5.844111e+02, -4.296849e+02, 4.880018e+02, -2.775102e+02, 7.336373e+02, 1.213638e+03, -1.070047e+01, -1.811255e+01, -3.648503e+01, -1.196301e+01, 2.401646e+04, -5.104548e+04, 9.253982e+03, 9.764012e+03, -5.255950e+04, 1.002811e+03]
[-9.604728e+03, 6.471297e+03, -9.612427e+02, 2.487785e+03, 3.828718e+02, 1.172690e+03, -3.063525e+02, 4.692963e+03, 6.697470e+02, 5.155939e+02, 2.676493e+02, 1.206504e+02, 6.357526e+01, 3.255755e+01, -6.023580e+00, 8.187976e+01, 1.256980e+01, 4.722665e+00, -1.038039e+02, 1.114119e+01, -9.400746e+00, -2.182967e+02, 1.320548e+02, -5.554067e+01]
[-1.070224e+04, 1.252354e+04, -2.196088e+03, 4.047543e+03, 6.908879e+02, 2.417750e+03, -5.844111e+02, 6.697470e+02, 7.353453e+03, 7.525824e+02, 4.385931e+02, 2.094226e+02, 1.113830e+02, 5.741979e+01, -6.725757e+00, 9.353043e+01, 1.496584e+01, 7.842835e+00, -8.267133e+01, -2.716472e+01, 8.418027e+00, -2.237853e+02, 9.604850e+01, -6.005236e+01]
[-1.025126e+04, 1.803806e+04, -3.132876e+03, 5.591543e+03, 1.045231e+03, -8.405926e+02, -4.296849e+02, 5.155939e+02, 7.525824e+02, 9.695653e+03, 5.426189e+02, 2.811429e+02, 1.535533e+02, 7.984504e+01, -5.264044e+00, 8.605896e+01, 1.659759e+01, 1.008826e+01, -7.144019e+01, -6.340463e+01, 2.130628e+01, -2.441065e+02, 7.079868e+01, -6.715814e+01]
[-5.330133e+03, 3.029806e+04, -4.303582e+03, 7.698974e+03, 1.546848e+03, -1.405237e+03, 4.880018e+02, 2.676493e+02, 4.385931e+02, 5.426189e+02, 1.359263e+04, 2.870371e+02, 1.619633e+02, 8.509504e+01, -4.277815e+00, 5.817450e+01, 9.519874e+00, 8.942519e+00, 1.439659e+02, -2.972011e+02, 1.541410e+02, 1.082205e+01, -3.421313e+02, 3.127117e+01]
[-2.160658e+03, 2.591224e+04, -4.584900e+03, 6.503725e+03, 1.403873e+03, -4.850058e+03, -2.775102e+02, 1.206504e+02, 2.094226e+02, 2.811429e+02, 2.870371e+02, 1.122516e+04, 1.409996e+02, 7.706436e+01, -3.595198e+00, 2.887254e+01, 8.398842e-01, 4.011136e+00, -8.563047e+00, -2.370455e+01, 1.115835e+01, -4.647818e+01, -4.011826e-01, -1.123718e+01]
[4.205510e+03, 4.176592e+04, -5.414004e+03, 9.225753e+03, 2.132463e+03, -7.382184e+02, 7.336373e+02, 6.357526e+01, 1.113830e+02, 1.535533e+02, 1.619633e+02, 1.409996e+02, 1.612389e+04, 5.531925e+01, -2.605092e+00, 1.664947e+01, -9.585305e-01, 2.090690e+00, -4.426822e+00, -1.462973e+01, 6.885120e+00, -2.688427e+01, -1.190653e+00, -6.553078e+00]
[2.654598e+03, 3.621356e+04, -5.382024e+03, 8.727935e+03, 2.069014e+03, -5.037377e+03, 1.213638e+03, 3.255755e+01, 5.741979e+01, 7.984504e+01, 8.509504e+01, 7.706436e+01, 5.531925e+01, 1.340896e+04, -1.413977e+00, 8.828500e+00, -5.863200e-01, 1.156120e+00, -2.147147e+00, -7.597366e+00, 3.574773e+00, -1.362701e+01, -7.983126e-01, -3.321561e+00]
[-3.398319e+00, -3.444666e+01, -3.571052e+01, -1.709957e+01, -3.823919e+00, 3.809148e+01, -1.070047e+01, -6.023580e+00, -6.725757e+00, -5.264044e+00, -4.277815e+00, -3.595198e+00, -2.605092e+00, -1.413977e+00, 1.019476e+00, -3.266649e+00, 5.902787e-01, 3.268398e-02, 3.187444e-01, 5.899166e-01, -2.739869e-01, 1.432439e+00, -1.532261e-01, 3.725949e-01]
[-1.351932e+03, -4.151105e+02, 1.398515e+02, 2.625888e+02, 5.549794e+01, 1.306425e+02, -1.811255e+01, 8.187976e+01, 9.353043e+01, 8.605896e+01, 5.817450e+01, 2.887254e+01, 1.664947e+01, 8.828500e+00, -3.266649e+00, 3.160877e+01, 1.330015e+00, 1.373566e+00, -1.735246e+01, -3.064293e+00, 7.889318e-01, -4.252538e+01, 2.019295e+01, -1.116129e+01]
[-5.051797e+02, -2.502524e+02, -4.951016e+01, 4.827672e+01, 9.717038e+00, 1.536231e+02, -3.648503e+01, 1.256980e+01, 1.496584e+01, 1.659759e+01, 9.519874e+00, 8.398842e-01, -9.585305e-01, -5.863200e-01, 5.902787e-01, 1.330015e+00, 3.232817e+00, 6.014144e-01, -5.299374e+00, 4.630192e-01, -4.395059e-01, -1.127339e+01, 6.732352e+00, -2.964877e+00]
[-2.405007e+02, -1.123789e+02, -8.095777e+00, 3.182331e+01, 7.361664e+00, 5.304731e+01, -1.196301e+01, 4.722665e+00, 7.842835e+00, 1.008826e+01, 8.942519e+00, 4.011136e+00, 2.090690e+00, 1.156120e+00, 3.268398e-02, 1.373566e+00, 6.014144e-01, 1.009389e+01, -1.196565e+00, -1.028601e+00, 4.431924e-01, -3.919448e+00, 1.054333e+00, -1.019382e+00]
[4.982468e+05, 8.547351e+05, 3.344361e+04, -2.341096e+04, -3.271015e+03, -9.132993e+04, 2.401646e+04, -1.038039e+02, -8.267133e+01, -7.144019e+01, 1.439659e+02, -8.563047e+00, -4.426822e+00, -2.147147e+00, 3.187444e-01, -1.735246e+01, -5.299374e+00, -1.196565e+00, 2.897959e+05, -3.223198e+05, 1.511083e+05, 3.048248e+05, -5.176261e+05, 1.177655e+05]
[-6.061426e+05, -9.242143e+05, -7.082520e+04, 3.198584e+04, 4.591969e+03, 1.943520e+05, -5.104548e+04, 1.114119e+01, -2.716472e+01, -6.340463e+01, -2.972011e+02, -2.370455e+01, -1.462973e+01, -7.597366e+00, 5.899166e-01, -3.064293e+00, 4.630193e-01, -1.028601e+00, -3.223198e+05, 4.879489e+05, -1.550475e+05, -2.595747e+05, 6.340866e+05, -8.813516e+04]
[2.403425e+05, 4.567428e+05, 1.307385e+04, -9.341007e+03, -1.395154e+03, -3.504649e+04, 9.253982e+03, -9.400746e+00, 8.418027e+00, 2.130628e+01, 1.541410e+02, 1.115835e+01, 6.885120e+00, 3.574773e+00, -2.739870e-01, 7.889319e-01, -4.395059e-01, 4.431924e-01, 1.511083e+05, -1.550475e+05, 8.568315e+04, 1.750984e+05, -2.707396e+05, 7.314609e+04]
[4.729119e+05, 9.203736e+05, 1.388260e+04, -1.855329e+04, -2.648103e+03, -3.690846e+04, 9.764012e+03, -2.182967e+02, -2.237853e+02, -2.441065e+02, 1.082205e+01, -4.647818e+01, -2.688427e+01, -1.362701e+01, 1.432439e+00, -4.252538e+01, -1.127339e+01, -3.919448e+00, 3.048248e+05, -2.595747e+05, 1.750984e+05, 3.878119e+05, -5.118358e+05, 1.655972e+05]
[-8.899077e+05, -1.525175e+06, -7.273572e+04, 4.102700e+04, 5.933538e+03, 2.001359e+05, -5.255950e+04, 1.320548e+02, 9.604850e+01, 7.079868e+01, -3.421313e+02, -4.011826e-01, -1.190653e+00, -7.983126e-01, -1.532261e-01, 2.019295e+01, 6.732352e+00, 1.054333e+00, -5.176261e+05, 6.340866e+05, -2.707396e+05, -5.118358e+05, 9.753425e+05, -1.946202e+05]
[1.679852e+05, 3.617232e+05, 1.638143e+03, -5.134870e+03, -7.772766e+02, -3.617674e+03, 1.002811e+03, -5.554067e+01, -6.005236e+01, -6.715814e+01, 3.127117e+01, -1.123718e+01, -6.553078e+00, -3.321561e+00, 3.725949e-01, -1.116129e+01, -2.964877e+00, -1.019382e+00, 1.177655e+05, -8.813516e+04, 7.314609e+04, 1.655972e+05, -1.946202e+05, 7.635899e+04]



mode= LSST_Y3 1.500000e+04 1.890000e+01 3.200000e+01[2.157908e+06, 1.959234e+06, 2.367516e+05, -1.310332e+05, -2.661502e+04, -7.136587e+05, 1.786406e+05, -1.863510e+04, -2.175690e+04, -2.195084e+04, -1.315554e+04, -6.698975e+03, 4.749987e+03, 3.081888e+03, 8.854202e+01, -3.274863e+03, -9.530579e+02, -5.310047e+02, 3.475783e+05, -4.142128e+05, 1.648313e+05, 3.358572e+05, -6.143845e+05, 1.176173e+05]
[1.959234e+06, 3.107995e+06, 8.233737e+04, 4.253614e+04, 9.771116e+03, -5.165222e+05, 1.270408e+05, 8.904074e+03, 1.787673e+04, 2.562294e+04, 4.369754e+04, 3.830315e+04, 6.229491e+04, 5.438521e+04, -1.169921e+01, -1.148043e+03, -4.569142e+02, -2.448394e+02, 5.890855e+05, -6.331821e+05, 3.122898e+05, 6.362539e+05, -1.047261e+06, 2.483671e+05]
[2.367516e+05, 8.233737e+04, 9.174029e+04, -2.531938e+04, -5.090823e+03, -1.583774e+05, 4.230351e+04, -1.251356e+03, -3.113912e+03, -4.474318e+03, -6.197550e+03, -6.681368e+03, -7.921857e+03, -7.981410e+03, -7.265270e+01, 2.544886e+02, -1.114656e+02, -2.333153e+01, 2.347906e+04, -4.778619e+04, 8.996769e+03, 1.106419e+04, -4.995004e+04, 1.529737e+03]
[-1.310332e+05, 4.253614e+04, -2.531938e+04, 4.505476e+04, 9.550754e+03, 1.530655e+04, -4.948513e+03, 4.522862e+03, 7.232916e+03, 9.728757e+03, 1.266016e+04, 1.058100e+04, 1.434445e+04, 1.347700e+04, -4.593444e+01, 6.013846e+02, 9.242728e+01, 7.147891e+01, -1.785886e+04, 2.287599e+04, -6.979522e+03, -1.568517e+04, 3.082849e+04, -4.514859e+03]
[-2.661502e+04, 9.771116e+03, -5.090823e+03, 9.550754e+03, 2.110953e+03, 2.614278e+03, -8.428441e+02, 7.237408e+02, 1.267909e+03, 1.849865e+03, 2.573068e+03, 2.295396e+03, 3.331994e+03, 3.203426e+03, -1.031104e+01, 1.279972e+02, 1.850464e+01, 1.663530e+01, -2.478798e+03, 3.232205e+03, -1.014955e+03, -2.237322e+03, 4.391325e+03, -6.656259e+02]
[-7.136587e+05, -5.165222e+05, -1.583774e+05, 1.530655e+04, 2.614278e+03, 7.218079e+05, -1.414595e+05, 2.165343e+03, 4.037440e+03, -8.620728e+02, -2.137783e+03, -7.127464e+03, -1.551964e+03, -8.115032e+03, 6.158402e+01, 4.108733e+02, 3.155812e+02, 1.298434e+02, -6.688980e+04, 1.334984e+05, -2.533497e+04, -3.366103e+04, 1.424305e+05, -5.246970e+03]
[1.786406e+05, 1.270408e+05, 4.230351e+04, -4.948513e+03, -8.428441e+02, -1.414595e+05, 3.465344e+04, -5.333137e+02, -9.633386e+02, -7.264402e+02, 7.498667e+02, -4.129158e+02, 1.241472e+03, 1.941852e+03, -1.845924e+01, -6.912658e+01, -7.572585e+01, -2.941787e+01, 1.747204e+04, -3.497635e+04, 6.643928e+03, 8.707122e+03, -3.720654e+04, 1.347632e+03]
[-1.863510e+04, 8.904074e+03, -1.251356e+03, 4.522862e+03, 7.237408e+02, 2.165343e+03, -5.333137e+02, 7.375540e+03, 1.351727e+03, 1.058641e+03, 5.435680e+02, 2.839841e+02, 1.052540e+02, 5.561187e+01, -1.490244e+01, 1.777145e+02, 2.191660e+01, 9.526605e+00, -3.536122e+02, 1.621347e+02, -8.137260e+01, -6.003662e+02, 5.040314e+02, -1.669270e+02]
[-2.175690e+04, 1.787673e+04, -3.113912e+03, 7.232916e+03, 1.267909e+03, 4.037440e+03, -9.633386e+02, 1.351727e+03, 1.155721e+04, 1.575090e+03, 9.083814e+02, 5.003952e+02, 2.045017e+02, 1.096817e+02, -1.720068e+01, 2.067555e+02, 2.650238e+01, 1.654787e+01, -3.938984e+02, 1.684574e+02, -8.839230e+01, -7.112296e+02, 5.787098e+02, -2.141813e+02]
[-2.195084e+04, 2.562294e+04, -4.474318e+03, 9.728757e+03, 1.849865e+03, -8.620728e+02, -7.264402e+02, 1.058641e+03, 1.575090e+03, 1.510918e+04, 1.139469e+03, 6.713320e+02, 3.112299e+02, 1.697503e+02, -1.440830e+01, 1.961749e+02, 3.124265e+01, 2.219424e+01, -4.171126e+02, 1.607173e+02, -9.017771e+01, -7.872013e+02, 6.166518e+02, -2.439629e+02]
[-1.315554e+04, 4.369754e+04, -6.197550e+03, 1.266016e+04, 2.573068e+03, -2.137783e+03, 7.498667e+02, 5.435680e+02, 9.083814e+02, 1.139469e+03, 2.079300e+04, 7.015655e+02, 3.563956e+02, 1.976638e+02, -1.174634e+01, 1.344878e+02, 1.722998e+01, 2.040937e+01, -1.776909e+02, -4.909850e+01, 2.350580e+01, -5.050041e+02, 2.270532e+02, -1.653538e+02]
[-6.698975e+03, 3.830315e+04, -6.681368e+03, 1.058100e+04, 2.295396e+03, -7.127463e+03, -4.129158e+02, 2.839841e+02, 5.003952e+02, 6.713320e+02, 7.015655e+02, 1.707900e+04, 2.959182e+02, 1.699148e+02, -6.934587e+00, 7.684347e+01, 9.810952e+00, 1.309067e+01, -1.126768e+02, 3.723624e+01, -2.001891e+01, -2.252714e+02, 1.668929e+02, -7.218368e+01]
[4.749987e+03, 6.229491e+04, -7.921857e+03, 1.434445e+04, 3.331994e+03, -1.551964e+03, 1.241472e+03, 1.052540e+02, 2.045017e+02, 3.112299e+02, 3.563956e+02, 2.959182e+02, 2.449440e+04, 1.553431e+02, -5.541031e+00, 3.478796e+01, -1.745522e+00, 4.754962e+00, -5.162937e+01, 1.594865e+01, -8.775009e+00, -1.059479e+02, 7.706315e+01, -3.463331e+01]
[3.081888e+03, 5.438521e+04, -7.981410e+03, 1.347700e+04, 3.203426e+03, -8.115032e+03, 1.941852e+03, 5.561187e+01, 1.096817e+02, 1.697503e+02, 1.976638e+02, 1.699148e+02, 1.553431e+02, 2.036898e+04, -3.268512e+00, 1.846278e+01, -1.800633e+00, 2.394497e+00, -2.725796e+01, 8.283223e+00, -4.585881e+00, -5.624105e+01, 4.073666e+01, -1.844995e+01]
[8.854202e+01, -1.169921e+01, -7.265270e+01, -4.593444e+01, -1.031104e+01, 6.158402e+01, -1.845924e+01, -1.490244e+01, -1.720068e+01, -1.440830e+01, -1.174634e+01, -6.934587e+00, -5.541031e+00, -3.268512e+00, 1.769032e+00, -6.725738e+00, 1.467275e+00, 1.130654e-01, 4.271262e+00, -1.625792e+00, 8.535683e-01, 8.154095e+00, -6.330696e+00, 2.575394e+00]
[-3.274863e+03, -1.148043e+03, 2.544886e+02, 6.013846e+02, 1.279972e+02, 4.108733e+02, -6.912658e+01, 1.777145e+02, 2.067555e+02, 1.961749e+02, 1.344878e+02, 7.684347e+01, 3.478796e+01, 1.846278e+01, -6.725738e+00, 6.326843e+01, 2.953400e+00, 3.321324e+00, -8.012459e+01, 3.484529e+01, -1.791651e+01, -1.420259e+02, 1.164197e+02, -4.227064e+01]
[-9.530579e+02, -4.569142e+02, -1.114656e+02, 9.242728e+01, 1.850464e+01, 3.155812e+02, -7.572585e+01, 2.191660e+01, 2.650238e+01, 3.124265e+01, 1.722998e+01, 9.810952e+00, -1.745522e+00, -1.800633e+00, 1.467275e+00, 2.953400e+00, 6.330961e+00, 1.567381e+00, -1.678772e+01, 7.887253e+00, -4.012889e+00, -2.827449e+01, 2.407219e+01, -8.035111e+00]
[-5.310047e+02, -2.448394e+02, -2.333153e+01, 7.147891e+01, 1.663530e+01, 1.298434e+02, -2.941787e+01, 9.526605e+00, 1.654787e+01, 2.219424e+01, 2.040937e+01, 1.309067e+01, 4.754962e+00, 2.394497e+00, 1.130654e-01, 3.321324e+00, 1.567381e+00, 1.064351e+01, -7.443549e+00, 2.896918e+00, -1.539662e+00, -1.411041e+01, 1.105616e+01, -4.442031e+00]
[3.475783e+05, 5.890855e+05, 2.347906e+04, -1.785886e+04, -2.478798e+03, -6.688980e+04, 1.747204e+04, -3.536122e+02, -3.938984e+02, -4.171126e+02, -1.776909e+02, -1.126768e+02, -5.162937e+01, -2.725796e+01, 4.271262e+00, -8.012459e+01, -1.678772e+01, -7.443549e+00, 2.052782e+05, -2.261904e+05, 1.061061e+05, 2.184014e+05, -3.660635e+05, 8.418276e+04]
[-4.142128e+05, -6.331821e+05, -4.778619e+04, 2.287599e+04, 3.232205e+03, 1.334984e+05, -3.497635e+04, 1.621347e+02, 1.684574e+02, 1.607173e+02, -4.909850e+01, 3.723624e+01, 1.594865e+01, 8.283223e+00, -1.625792e+00, 3.484529e+01, 7.887253e+00, 2.896918e+00, -2.261904e+05, 3.364837e+05, -1.085820e+05, -1.870143e+05, 4.430813e+05, -6.409276e+04]
[1.648313e+05, 3.122898e+05, 8.996769e+03, -6.979522e+03, -1.014955e+03, -2.533497e+04, 6.643928e+03, -8.137260e+01, -8.839230e+01, -9.017771e+01, 2.350580e+01, -2.001891e+01, -8.775009e+00, -4.585881e+00, 8.535683e-01, -1.791651e+01, -4.012889e+00, -1.539662e+00, 1.061061e+05, -1.085820e+05, 5.970089e+04, 1.235756e+05, -1.901311e+05, 5.143279e+04]
[3.358572e+05, 6.362539e+05, 1.106419e+04, -1.568517e+04, -2.237322e+03, -3.366103e+04, 8.707122e+03, -6.003662e+02, -7.112296e+02, -7.872013e+02, -5.050041e+02, -2.252714e+02, -1.059479e+02, -5.624105e+01, 8.154095e+00, -1.420259e+02, -2.827449e+01, -1.411041e+01, 2.184014e+05, -1.870143e+05, 1.235756e+05, 2.792376e+05, -3.675094e+05, 1.182515e+05]
[-6.143845e+05, -1.047261e+06, -4.995004e+04, 3.082849e+04, 4.391325e+03, 1.424305e+05, -3.720654e+04, 5.040314e+02, 5.787098e+02, 6.166518e+02, 2.270532e+02, 1.668929e+02, 7.706315e+01, 4.073666e+01, -6.330697e+00, 1.164197e+02, 2.407219e+01, 1.105616e+01, -3.660635e+05, 4.430813e+05, -1.901311e+05, -3.675094e+05, 6.888565e+05, -1.398301e+05]
[1.176173e+05, 2.483671e+05, 1.529737e+03, -4.514859e+03, -6.656259e+02, -5.246970e+03, 1.347632e+03, -1.669270e+02, -2.141813e+02, -2.439629e+02, -1.653538e+02, -7.218368e+01, -3.463331e+01, -1.844995e+01, 2.575394e+00, -4.227064e+01, -8.035111e+00, -4.442031e+00, 8.418276e+04, -6.409276e+04, 5.143279e+04, 1.182515e+05, -1.398301e+05, 5.405675e+04]



mode= LSST_Y3 2.000000e+04 2.350000e+01 4.100000e+01[3.100067e+06, 2.438232e+06, 3.517641e+05, -2.028481e+05, -4.473341e+04, -1.064215e+06, 2.650025e+05, -3.294975e+04, -3.949004e+04, -4.079241e+04, -2.605949e+04, -1.405802e+04, 3.419557e+03, 2.302188e+03, 3.473481e+02, -6.814695e+03, -1.524164e+03, -9.775800e+02, 2.814442e+05, -3.225331e+05, 1.293119e+05, 2.826225e+05, -4.892964e+05, 9.681446e+04]
[2.438232e+06, 3.455750e+06, 1.263244e+05, 6.110802e+04, 1.058695e+04, -7.446383e+05, 1.820772e+05, 9.533588e+03, 2.127779e+04, 3.093017e+04, 5.543016e+04, 4.978746e+04, 8.212313e+04, 7.213188e+04, 9.922599e+01, -2.633479e+03, -6.959919e+02, -4.544492e+02, 4.588508e+05, -4.873160e+05, 2.399312e+05, 5.000669e+05, -8.110684e+05, 1.930545e+05]
[3.517641e+05, 1.263244e+05, 1.389486e+05, -3.196503e+04, -6.645792e+03, -2.354259e+05, 6.285474e+04, -1.379005e+03, -3.843204e+03, -5.566413e+03, -7.783964e+03, -8.472479e+03, -1.013920e+04, -1.038457e+04, -1.204803e+02, 3.754150e+02, -2.026464e+02, -4.945223e+01, 1.934474e+04, -3.666066e+04, 7.155618e+03, 1.103203e+04, -3.966658e+04, 1.832865e+03]
[-2.028481e+05, 6.110802e+04, -3.196503e+04, 6.652816e+04, 1.432527e+04, 2.147181e+04, -6.622813e+03, 7.485570e+03, 1.170478e+04, 1.522874e+04, 1.866071e+04, 1.531581e+04, 1.991672e+04, 1.854668e+04, -1.058765e+02, 1.186519e+03, 1.376542e+02, 1.276558e+02, -1.689272e+04, 1.952748e+04, -6.414844e+03, -1.708008e+04, 2.860925e+04, -5.159208e+03]
[-4.473341e+04, 1.058695e+04, -6.645792e+03, 1.432527e+04, 3.205094e+03, 4.525725e+03, -1.342511e+03, 1.258044e+03, 2.120669e+03, 2.951527e+03, 3.836056e+03, 3.343402e+03, 4.646634e+03, 4.421498e+03, -2.495285e+01, 2.549219e+02, 2.391065e+01, 2.868066e+01, -2.437642e+03, 2.782724e+03, -9.417609e+02, -2.588864e+03, 4.177089e+03, -7.938264e+02]
[-1.064215e+06, -7.446383e+05, -2.354259e+05, 2.147181e+04, 4.525725e+03, 9.929506e+05, -2.037384e+05, 3.642326e+03, 6.296624e+03, -1.566806e+02, -2.717342e+03, -9.732921e+03, -2.769293e+03, -1.164418e+04, 7.024164e+01, 9.895144e+02, 5.528649e+02, 2.622992e+02, -5.897906e+04, 1.057199e+05, -2.182974e+04, -3.893476e+04, 1.201753e+05, -8.261379e+03]
[2.650025e+05, 1.820772e+05, 6.285474e+04, -6.622813e+03, -1.342511e+03, -2.037384e+05, 4.985915e+04, -8.697797e+02, -1.470311e+03, -1.156423e+03, 9.947211e+02, -4.580119e+02, 1.876001e+03, 2.778464e+03, -2.413102e+01, -1.935875e+02, -1.378390e+02, -6.176873e+01, 1.522407e+04, -2.755791e+04, 5.653815e+03, 9.823081e+03, -3.107986e+04, 2.038037e+03]
[-3.294975e+04, 9.533588e+03, -1.379005e+03, 7.485570e+03, 1.258044e+03, 3.642326e+03, -8.697797e+02, 1.037494e+04, 2.384038e+03, 1.911870e+03, 9.890657e+02, 5.315629e+02, 1.983284e+02, 1.086237e+02, -3.029320e+01, 3.397484e+02, 3.719882e+01, 1.787908e+01, -8.301960e+02, 4.600908e+02, -2.229052e+02, -1.319940e+03, 1.219425e+03, -3.789485e+02]
[-3.949004e+04, 2.127779e+04, -3.843204e+03, 1.170478e+04, 2.120669e+03, 6.296624e+03, -1.470311e+03, 2.384038e+03, 1.626681e+04, 2.880597e+03, 1.657729e+03, 9.341086e+02, 3.803153e+02, 2.118108e+02, -3.576576e+01, 4.000297e+02, 4.421485e+01, 3.102724e+01, -9.952467e+02, 5.599993e+02, -2.804495e+02, -1.637088e+03, 1.517186e+03, -5.080640e+02]
[-4.079241e+04, 3.093017e+04, -5.566413e+03, 1.522874e+04, 2.951527e+03, -1.566806e+02, -1.156423e+03, 1.911870e+03, 2.880597e+03, 2.102617e+04, 2.065099e+03, 1.239605e+03, 5.710461e+02, 3.243019e+02, -3.150564e+01, 3.864242e+02, 5.233409e+01, 4.134649e+01, -1.059833e+03, 5.896735e+02, -3.024356e+02, -1.783234e+03, 1.638329e+03, -5.695429e+02]
[-2.605949e+04, 5.543016e+04, -7.783964e+03, 1.866071e+04, 3.836056e+03, -2.717342e+03, 9.947211e+02, 9.890657e+02, 1.657729e+03, 2.065099e+03, 2.831568e+04, 1.305492e+03, 6.612985e+02, 3.822215e+02, -2.618331e+01, 2.634531e+02, 2.410885e+01, 3.653737e+01, -7.069193e+02, 3.480228e+02, -1.822990e+02, -1.349648e+03, 1.146459e+03, -4.792367e+02]
[-1.405802e+04, 4.978746e+04, -8.472479e+03, 1.531581e+04, 3.343402e+03, -9.732921e+03, -4.580119e+02, 5.315629e+02, 9.341086e+02, 1.239605e+03, 1.305492e+03, 2.312490e+04, 5.489395e+02, 3.294475e+02, -1.630896e+01, 1.540924e+02, 1.215575e+01, 2.340848e+01, -3.334561e+02, 1.875127e+02, -9.635884e+01, -5.823132e+02, 5.333429e+02, -1.975342e+02]
[3.419557e+03, 8.212313e+04, -1.013920e+04, 1.991672e+04, 4.646634e+03, -2.769293e+03, 1.876001e+03, 1.983284e+02, 3.803153e+02, 5.710461e+02, 6.612985e+02, 5.489395e+02, 3.301557e+04, 3.193656e+02, -1.323932e+01, 6.564367e+01, -1.178650e+01, 5.898462e+00, -1.550313e+02, 8.730922e+01, -4.531747e+01, -2.749214e+02, 2.513442e+02, -9.538130e+01]
[2.302188e+03, 7.213188e+04, -1.038457e+04, 1.854668e+04, 4.421498e+03, -1.164418e+04, 2.778464e+03, 1.086237e+02, 2.118108e+02, 3.243019e+02, 3.822215e+02, 3.294475e+02, 3.193656e+02, 2.743836e+04, -8.319440e+00, 3.500869e+01, -9.695510e+00, 2.219746e+00, -8.533877e+01, 4.805064e+01, -2.499227e+01, -1.517221e+02, 1.386442e+02, -5.281756e+01]
[3.473481e+02, 9.922599e+01, -1.204803e+02, -1.058765e+02, -2.495285e+01, 7.024164e+01, -2.413102e+01, -3.029320e+01, -3.576576e+01, -3.150564e+01, -2.618331e+01, -1.630896e+01, -1.323932e+01, -8.319440e+00, 2.945611e+00, -1.211578e+01, 2.834685e+00, 2.806890e-01, 1.511153e+01, -8.553703e+00, 4.324930e+00, 2.555796e+01, -2.362628e+01, 8.361800e+00]
[-6.814695e+03, -2.633479e+03, 3.754150e+02, 1.186519e+03, 2.549219e+02, 9.895145e+02, -1.935875e+02, 3.397484e+02, 4.000297e+02, 3.864242e+02, 2.634531e+02, 1.540924e+02, 6.564367e+01, 3.500869e+01, -1.211578e+01, 1.155104e+02, 6.806015e+00, 7.143577e+00, -2.119907e+02, 1.193530e+02, -5.930766e+01, -3.458395e+02, 3.210415e+02, -1.066254e+02]
[-1.524164e+03, -6.959919e+02, -2.026464e+02, 1.376542e+02, 2.391065e+01, 5.528649e+02, -1.378390e+02, 3.719882e+01, 4.421485e+01, 5.233409e+01, 2.410885e+01, 1.215575e+01, -1.178650e+01, -9.695510e+00, 2.834685e+00, 6.806015e+00, 1.165412e+01, 3.476317e+00, -3.423422e+01, 1.915121e+01, -9.324134e+00, -5.349006e+01, 4.990865e+01, -1.522988e+01]
[-9.775800e+02, -4.544492e+02, -4.945223e+01, 1.276558e+02, 2.868066e+01, 2.622992e+02, -6.176873e+01, 1.787908e+01, 3.102724e+01, 4.134649e+01, 3.653737e+01, 2.340848e+01, 5.898462e+00, 2.219746e+00, 2.806890e-01, 7.143577e+00, 3.476317e+00, 1.173384e+01, -1.980239e+01, 1.127702e+01, -5.751122e+00, -3.360137e+01, 3.116630e+01, -1.106986e+01]
[2.814442e+05, 4.588508e+05, 1.934474e+04, -1.689272e+04, -2.437642e+03, -5.897906e+04, 1.522407e+04, -8.301960e+02, -9.952467e+02, -1.059833e+03, -7.069193e+02, -3.334561e+02, -1.550313e+02, -8.533877e+01, 1.511153e+01, -2.119907e+02, -3.423422e+01, -1.980239e+01, 1.650550e+05, -1.794777e+05, 8.432377e+04, 1.788432e+05, -2.940133e+05, 6.880471e+04]
[-3.225331e+05, -4.873160e+05, -3.666066e+04, 1.952748e+04, 2.782724e+03, 1.057199e+05, -2.755791e+04, 4.600908e+02, 5.599993e+02, 5.896735e+02, 3.480228e+02, 1.875127e+02, 8.730922e+01, 4.805064e+01, -8.553703e+00, 1.193530e+02, 1.915121e+01, 1.127702e+01, -1.794777e+05, 2.616961e+05, -8.580591e+04, -1.533627e+05, 3.503993e+05, -5.313492e+04]
[1.293119e+05, 2.399312e+05, 7.155618e+03, -6.414844e+03, -9.417609e+02, -2.182974e+04, 5.653815e+03, -2.229052e+02, -2.804495e+02, -3.024356e+02, -1.822990e+02, -9.635884e+01, -4.531747e+01, -2.499227e+01, 4.324930e+00, -5.930766e+01, -9.324134e+00, -5.751122e+00, 8.432377e+04, -8.580591e+04, 4.695471e+04, 9.920627e+04, -1.511972e+05, 4.113353e+04]
[2.826225e+05, 5.000669e+05, 1.103203e+04, -1.708008e+04, -2.588864e+03, -3.893476e+04, 9.823081e+03, -1.319940e+03, -1.637088e+03, -1.783234e+03, -1.349648e+03, -5.823132e+02, -2.749214e+02, -1.517221e+02, 2.555796e+01, -3.458395e+02, -5.349006e+01, -3.360137e+01, 1.788432e+05, -1.533627e+05, 9.920627e+04, 2.312600e+05, -3.019543e+05, 9.701712e+04]
[-4.892964e+05, -8.110684e+05, -3.966658e+04, 2.860925e+04, 4.177089e+03, 1.201753e+05, -3.107986e+04, 1.219425e+03, 1.517186e+03, 1.638329e+03, 1.146459e+03, 5.333429e+02, 2.513442e+02, 1.386442e+02, -2.362628e+01, 3.210415e+02, 4.990865e+01, 3.116630e+01, -2.940133e+05, 3.503993e+05, -1.511972e+05, -3.019543e+05, 5.530244e+05, -1.150599e+05]
[9.681446e+04, 1.930545e+05, 1.832865e+03, -5.159208e+03, -7.938264e+02, -8.261379e+03, 2.038037e+03, -3.789485e+02, -5.080640e+02, -5.695429e+02, -4.792367e+02, -1.975342e+02, -9.538130e+01, -5.281756e+01, 8.361800e+00, -1.066254e+02, -1.522988e+01, -1.106986e+01, 6.880471e+04, -5.313492e+04, 4.113353e+04, 9.701712e+04, -1.150599e+05, 4.387618e+04]


