
mode= LSST_Y3 1.000000e+04 1.510000e+01 2.500000e+01[6.553089e+05, 4.620681e+05, 9.192337e+04, -2.756941e+04, -6.766285e+03, -2.798296e+05, 6.890348e+04],
[4.620681e+05, 3.748308e+05, 5.064310e+04, -1.994576e+04, -5.510870e+03, -1.317900e+05, 3.342094e+04],
[9.192337e+04, 5.064310e+04, 3.529072e+04, -1.169543e+03, -2.150081e+02, -7.705246e+04, 1.984452e+04],
[-2.756941e+04, -1.994576e+04, -1.169543e+03, 1.889371e+03, 4.485396e+02, 6.148312e+03, -1.598902e+03],
[-6.766285e+03, -5.510870e+03, -2.150081e+02, 4.485396e+02, 1.247871e+02, 1.350792e+03, -3.401727e+02],
[-2.798296e+05, -1.317900e+05, -7.705246e+04, 6.148312e+03, 1.350792e+03, 4.182779e+05, -7.073576e+04],
[6.890348e+04, 3.342094e+04, 1.984452e+04, -1.598902e+03, -3.401727e+02, -7.073576e+04, 1.699538e+04],



mode= LSST_Y3 1.500000e+04 1.890000e+01 3.200000e+01[1.240659e+06, 9.059750e+05, 1.782710e+05, -5.051085e+04, -1.299442e+04, -5.136984e+05, 1.278327e+05],
[9.059750e+05, 7.448832e+05, 1.049029e+05, -3.762677e+04, -1.085324e+04, -2.709154e+05, 6.904322e+04],
[1.782710e+05, 1.049029e+05, 6.656206e+04, -2.496658e+03, -4.894032e+02, -1.376417e+05, 3.582822e+04],
[-5.051085e+04, -3.762677e+04, -2.496658e+03, 3.256748e+03, 7.965554e+02, 1.143384e+04, -2.975531e+03],
[-1.299442e+04, -1.085324e+04, -4.894032e+02, 7.965554e+02, 2.328974e+02, 2.744658e+03, -6.869605e+02],
[-5.136984e+05, -2.709154e+05, -1.376417e+05, 1.143384e+04, 2.744658e+03, 6.278585e+05, -1.186928e+05],
[1.278327e+05, 6.904322e+04, 3.582822e+04, -2.975531e+03, -6.869605e+02, -1.186928e+05, 2.871356e+04],



mode= LSST_Y3 2.000000e+04 2.350000e+01 4.100000e+01[2.064437e+06, 1.557112e+06, 3.006580e+05, -8.049544e+04, -2.228231e+04, -8.447618e+05, 2.101460e+05],
[1.557112e+06, 1.302231e+06, 1.862507e+05, -6.132160e+04, -1.886302e+04, -4.893351e+05, 1.238105e+05],
[3.006580e+05, 1.862507e+05, 1.102269e+05, -4.323985e+03, -1.047719e+03, -2.200768e+05, 5.749142e+04],
[-8.049544e+04, -6.132160e+04, -4.323985e+03, 4.964242e+03, 1.273070e+03, 1.882360e+04, -4.788227e+03],
[-2.228231e+04, -1.886302e+04, -1.047719e+03, 1.273070e+03, 3.825423e+02, 5.089226e+03, -1.262536e+03],
[-8.447618e+05, -4.893351e+05, -2.200768e+05, 1.882360e+04, 5.089226e+03, 8.927277e+05, -1.801356e+05],
[2.101460e+05, 1.238105e+05, 5.749142e+04, -4.788227e+03, -1.262536e+03, -1.801356e+05, 4.376898e+04],


